500 10000
106 160
217 463
121 353
106 162
30 105
160 217
130 398
314 467
402 418
362 372
208 428
208 429
362 365
168 368
362 368
86 166
38 261
86 165
92 312
112 300
168 367
53 453
217 452
106 170
29 229
86 178
305 430
411 457
115 195
402 407
208 430
38 258
29 230
402 404
168 379
44 408
160 213
256 311
168 374
38 250
256 314
62 486
256 316
86 172
159 313
62 482
106 182
77 102
449 459
6 249
121 377
371 396
208 443
420 485
6 241
208 441
130 383
265 389
226 484
265 386
256 301
256 302
62 473
159 349
168 340
38 282
256 304
371 388
159 345
86 182
106 193
47 297
371 380
6 258
217 479
121 365
314 431
265 398
92 344
121 370
44 420
174 500
53 444
458 462
29 257
92 343
274 373
21 105
86 129
47 266
53 490
62 457
130 359
420 463
420 461
21 108
115 165
208 461
420 464
198 220
62 453
83 313
151 221
151 220
35 419
21 115
21 116
62 448
121 389
151 224
411 498
86 136
6 271
353 357
130 372
130 373
112 337
274 359
83 306
21 110
198 210
129 475
129 476
47 241
314 485
420 449
217 441
86 149
208 481
86 148
47 246
130 339
6 284
420 444
353 386
92 371
198 206
115 191
35 436
235 482
256 348
29 206
217 448
92 373
53 475
29 202
53 476
53 484
53 482
53 480
151 207
62 425
47 255
379 492
314 479
314 478
353 376
68 118
112 318
271 500
129 492
235 471
29 211
129 498
29 213
476 487
476 484
130 315
332 470
92 393
103 342
3 406
56 262
74 311
476 491
83 358
112 383
83 359
92 398
274 321
26 414
177 341
283 366
74 320
56 258
35 465
256 397
74 322
189 234
160 299
3 411
226 431
112 374
274 311
21 150
77 197
226 436
283 372
77 187
56 242
56 244
147 499
332 492
332 489
35 475
332 483
198 244
217 407
217 406
226 401
189 205
274 346
83 335
226 403
77 176
274 340
77 177
112 360
247 357
47 212
283 344
130 308
305 492
106 113
130 306
56 237
35 482
256 374
35 487
332 473
189 211
226 411
83 328
283 352
341 496
226 410
229 284
274 336
112 352
83 324
103 336
341 499
147 471
247 322
177 374
77 169
83 396
195 419
106 123
305 465
195 413
305 469
133 168
35 495
160 262
133 164
160 265
35 499
168 328
12 143
177 382
332 424
29 266
29 267
449 476
177 381
147 462
247 339
195 424
29 273
56 291
133 158
226 471
198 298
21 191
449 467
103 313
103 312
83 376
198 291
83 371
6 206
106 140
198 294
133 152
305 441
56 287
133 148
56 280
133 147
332 445
326 336
247 309
274 300
332 448
247 312
83 361
283 388
106 154
195 408
195 401
160 231
332 432
29 296
362 398
12 114
12 113
190 193
238 282
350 477
142 173
317 318
253 478
379 406
397 492
379 404
26 482
65 228
189 190
238 288
56 301
189 195
17 327
80 424
17 326
80 423
229 355
292 462
292 464
292 463
397 484
397 488
380 421
380 401
238 270
253 489
380 404
17 317
26 497
59 192
26 496
59 190
59 197
59 196
59 194
350 491
3 375
3 376
350 495
142 195
317 337
380 435
350 497
147 410
253 453
380 438
253 454
83 291
17 345
186 312
17 348
186 316
195 433
26 463
195 432
221 223
133 224
3 348
74 377
229 331
80 408
332 408
332 405
83 288
83 287
186 306
253 467
380 426
238 296
253 462
221 233
83 281
221 236
147 405
177 408
195 443
229 329
292 495
229 324
80 415
133 213
292 499
380 457
124 249
80 465
262 479
56 343
177 415
80 468
200 384
3 326
229 392
283 341
59 169
380 465
133 206
56 332
124 255
221 253
262 465
221 258
124 250
221 256
229 389
262 474
59 157
74 368
103 395
3 333
380 452
380 454
142 152
177 430
380 479
124 227
283 313
253 496
17 301
124 220
56 322
65 288
195 486
103 364
195 484
74 335
59 188
138 444
3 303
3 300
283 320
380 487
142 163
323 416
124 238
142 160
95 219
262 447
323 410
74 340
283 308
221 279
65 294
103 372
138 432
42 99
103 371
160 190
62 414
262 436
262 435
115 121
186 379
420 423
124 284
165 430
317 392
6 190
317 396
138 461
362 407
138 462
265 408
44 378
151 266
265 406
379 478
420 435
62 406
115 117
62 403
350 403
262 427
66 70
379 474
186 368
420 431
66 69
200 352
265 411
66 67
95 232
30 177
138 455
380 495
115 146
268 289
344 384
262 414
121 419
115 140
124 266
350 417
115 142
467 469
80 488
115 145
38 203
165 454
235 446
95 260
165 458
95 261
44 397
44 398
344 391
268 292
138 481
350 421
350 424
344 395
186 387
80 496
121 405
115 132
200 374
265 433
165 449
235 430
317 359
350 438
467 488
186 334
229 315
165 480
217 382
229 317
238 248
292 417
217 381
95 284
200 306
129 500
78 97
200 309
44 337
159 369
467 490
217 376
467 498
121 429
217 370
229 300
95 274
292 432
38 217
317 362
317 367
350 456
344 345
92 416
238 267
208 401
323 482
121 459
323 483
30 163
265 466
208 405
151 284
200 327
3 386
379 429
38 244
17 370
121 447
151 289
323 499
350 468
17 372
323 497
238 255
65 211
65 210
200 331
208 419
494 497
159 371
494 498
200 332
151 295
44 342
350 470
151 292
159 378
77 243
419 499
247 403
30 223
362 494
295 304
168 249
305 306
29 341
305 308
256 442
256 443
295 302
145 151
192 498
419 495
86 286
14 473
419 497
121 482
247 409
29 342
53 335
203 271
145 159
247 411
192 479
280 431
121 464
77 239
6 350
305 313
203 269
38 371
14 484
86 295
192 488
29 354
14 488
96 98
38 373
121 499
280 467
14 491
130 497
21 209
168 228
295 328
362 469
14 493
200 405
203 292
14 498
53 311
121 489
21 216
6 379
265 283
265 281
271 425
159 210
265 276
226 372
271 427
295 312
256 412
1 11
200 415
62 344
92 225
159 218
200 414
53 326
226 377
29 375
203 284
53 321
159 215
203 282
235 399
62 339
47 382
441 442
136 143
92 239
21 223
86 245
280 486
168 290
14 437
259 299
256 484
256 486
112 226
62 331
83 439
419 451
112 225
92 237
53 376
235 387
280 473
21 237
441 450
83 422
86 255
441 458
280 470
295 337
203 226
256 476
92 246
280 468
92 248
449 500
53 387
83 426
92 243
21 247
1 47
21 243
168 270
21 245
14 456
14 459
112 207
362 425
362 424
112 205
203 257
256 466
165 416
29 325
165 418
168 262
362 428
203 253
235 362
203 250
419 470
86 278
86 277
136 157
136 158
295 362
130 466
295 358
130 473
165 400
362 435
1 54
29 336
83 405
256 458
203 242
1 50
92 264
86 270
92 266
136 160
341 390
247 489
47 345
212 241
83 472
177 455
305 386
305 389
56 146
56 149
59 92
432 437
65 185
127 137
160 184
74 434
428 455
21 261
127 130
9 157
160 180
1 60
136 193
83 464
47 352
441 497
212 235
419 429
305 394
305 395
47 359
74 441
428 447
212 236
247 494
60 83
130 444
247 497
65 199
74 449
65 196
103 232
65 191
21 272
341 399
21 274
21 275
83 468
432 444
83 469
83 453
441 462
441 461
212 220
247 462
247 461
9 170
432 457
203 217
326 411
189 323
74 411
341 366
419 430
21 285
419 431
103 206
341 363
92 296
103 205
428 470
112 240
72 92
136 194
177 485
72 93
247 478
305 372
305 373
326 405
326 409
103 212
428 462
189 330
428 460
189 333
326 403
1 99
441 480
103 215
83 448
432 464
6 300
177 497
77 289
212 284
177 499
47 305
156 397
47 309
9 195
326 434
168 209
226 342
326 436
127 171
428 491
77 283
181 247
168 200
181 244
29 389
130 406
212 273
305 351
47 315
133 281
130 405
56 179
9 181
29 396
56 172
74 401
56 171
133 274
283 292
29 398
112 298
127 163
212 265
112 294
181 215
247 426
280 423
397 471
349 481
305 322
326 456
326 458
133 264
6 338
181 209
133 261
349 491
56 153
84 99
56 156
326 442
56 152
62 386
397 450
127 140
280 409
62 383
397 457
100 419
35 37
100 417
124 325
11 66
100 410
195 339
65 103
117 496
117 498
195 343
195 341
11 74
23 47
35 42
317 432
186 405
172 223
124 337
124 333
65 116
65 114
165 392
65 110
358 492
195 352
358 490
133 356
165 387
156 492
326 347
326 348
350 376
124 306
23 30
124 304
124 303
23 33
103 292
11 44
100 431
74 491
103 289
195 320
103 287
341 408
127 192
23 26
326 370
100 425
100 421
186 426
326 364
103 299
189 297
341 417
326 366
11 63
133 331
358 474
172 238
317 462
358 478
23 37
127 186
335 382
317 467
350 395
358 479
9 119
302 409
341 470
74 475
117 456
65 146
124 370
195 387
371 407
103 264
326 391
133 328
388 408
156 448
317 404
56 219
142 260
117 468
156 441
74 481
56 215
124 371
189 280
189 276
59 61
59 60
74 489
74 487
388 410
388 412
133 319
302 412
335 361
335 360
326 385
156 459
142 272
124 349
56 209
302 429
65 169
124 341
95 106
95 104
95 102
195 364
3 425
195 360
189 244
172 204
388 423
189 249
3 420
103 249
9 136
317 425
142 286
117 447
195 369
60 62
74 460
156 467
189 260
60 61
117 443
103 256
65 175
103 253
189 258
156 470
229 242
388 430
341 453
302 437
317 424
103 257
17 280
371 450
371 451
100 494
271 485
295 392
159 286
165 311
488 496
38 300
159 288
38 306
200 466
142 209
165 314
142 203
142 200
380 389
156 406
271 491
47 96
100 483
156 401
47 94
295 382
95 115
259 266
30 298
165 302
402 488
295 378
402 489
151 152
142 214
165 305
200 479
371 438
371 439
156 415
358 408
86 227
47 80
24 134
95 149
95 146
235 324
95 143
14 417
95 141
95 142
265 309
259 273
265 305
142 240
17 292
86 238
86 237
29 406
124 395
95 136
47 73
402 468
235 315
38 318
165 324
295 399
402 467
371 410
402 462
256 409
365 381
172 275
24 157
100 456
17 248
24 150
235 301
265 324
302 486
271 438
151 184
256 403
151 182
159 245
317 477
35 84
256 407
365 375
371 481
172 260
24 149
217 490
24 143
271 454
17 239
217 493
30 250
165 343
200 434
35 78
44 440
151 195
317 483
35 76
365 368
159 234
302 499
317 489
17 268
38 367
95 186
159 260
371 468
35 60
265 348
371 463
92 305
92 307
17 259
95 178
165 363
24 160
186 473
151 174
35 55
200 457
371 455
358 438
358 437
28 66
338 375
242 266
385 477
6 469
62 257
15 151
217 225
376 435
6 462
15 159
129 262
62 254
226 268
135 412
385 480
16 84
62 250
129 267
338 385
62 246
28 79
129 273
16 98
198 415
130 170
135 421
130 171
226 276
135 425
138 296
226 277
138 298
226 278
198 414
28 44
62 239
338 396
217 249
15 174
376 410
62 237
77 348
144 481
338 391
286 400
367 401
16 65
190 300
367 404
367 407
130 140
198 409
289 299
235 289
62 228
6 499
15 188
62 225
217 238
15 185
77 335
232 403
77 338
286 414
376 424
376 425
6 494
129 295
235 279
16 76
190 310
367 415
190 315
135 442
53 206
144 462
226 257
53 207
135 448
144 461
226 258
62 223
53 201
129 298
53 253
15 112
53 64
126 410
198 471
32 399
86 367
126 415
77 329
208 224
15 118
15 115
208 221
367 423
12 304
367 428
62 210
235 260
347 376
129 224
32 390
1 176
28 34
1 178
53 262
15 120
198 460
53 79
126 404
168 181
77 315
86 376
329 362
223 402
16 54
130 133
190 332
190 337
347 365
86 373
135 468
168 179
53 83
53 267
144 401
53 231
223 432
32 378
1 146
260 290
32 376
77 303
242 246
77 308
260 296
223 436
65 74
367 445
135 473
208 248
347 394
86 383
121 185
53 235
198 446
235 242
129 242
367 443
1 151
53 243
121 166
15 141
147 287
65 81
208 252
208 254
367 456
347 380
144 427
35 201
226 298
135 486
86 396
129 257
129 258
32 381
86 392
121 171
144 423
126 456
121 199
32 354
126 459
153 429
190 364
135 495
189 462
135 493
135 498
189 467
135 496
189 464
162 474
98 222
98 225
162 470
181 323
181 321
126 449
208 277
106 331
260 287
190 374
356 383
162 486
202 500
497 500
32 360
162 484
190 371
32 337
198 490
198 493
147 255
32 332
147 253
153 404
405 498
126 431
41 377
106 349
126 430
329 398
190 385
190 388
12 326
297 414
198 487
198 484
356 359
405 480
106 351
260 261
232 488
41 367
208 297
232 483
41 368
41 86
356 363
190 398
41 361
9 282
35 246
12 312
190 392
347 348
118 202
317 500
376 471
153 465
15 198
106 362
26 206
268 421
376 477
15 194
232 459
455 465
156 274
405 433
32 319
126 495
126 494
205 367
232 460
156 283
181 363
62 299
6 431
126 487
98 250
268 430
32 322
98 251
376 488
405 423
106 376
106 379
232 461
156 289
189 430
189 433
189 432
297 489
205 373
205 374
153 461
77 386
62 279
106 385
455 489
28 80
147 216
455 487
156 298
455 485
268 402
28 84
232 431
147 217
356 395
356 392
405 459
12 366
205 341
153 450
106 391
77 375
181 326
106 396
153 435
153 436
28 90
232 441
6 450
405 442
6 451
126 462
268 418
268 417
297 470
189 411
12 358
12 357
376 470
26 248
26 249
172 353
50 485
205 449
50 488
41 312
50 481
118 170
205 444
165 277
49 478
35 178
49 479
118 174
49 472
181 284
172 345
302 327
49 470
181 288
172 343
268 476
26 251
259 309
156 361
455 492
259 302
259 300
89 158
205 458
165 268
259 304
118 187
326 462
12 282
172 373
12 284
172 370
98 285
95 429
156 375
277 485
35 193
26 220
35 194
6 10
259 313
35 199
302 340
49 459
6 14
259 316
335 499
9 210
98 288
49 450
335 490
109 267
98 270
109 265
165 291
268 457
26 231
162 418
162 419
49 449
89 132
118 164
6 24
259 328
156 390
6 26
181 252
423 444
56 106
162 426
109 297
44 175
214 331
277 460
109 292
214 333
109 293
26 283
56 103
56 102
95 447
156 310
56 104
95 443
189 385
49 436
286 391
118 130
335 477
49 433
205 402
335 476
118 134
9 235
9 228
162 432
41 349
214 346
49 419
106 418
106 419
6 45
106 416
6 49
89 116
189 399
205 413
9 220
118 149
118 147
214 354
214 353
394 416
277 442
6 55
335 456
138 202
6 59
44 198
162 453
302 304
9 258
9 256
172 327
156 348
172 320
214 365
41 328
156 345
394 421
189 375
464 498
49 403
49 400
335 465
181 297
172 313
172 312
335 460
181 299
72 146
67 476
77 406
5 6
286 341
67 470
159 167
193 203
367 468
464 466
335 434
129 301
259 374
6 73
44 139
242 310
277 416
223 440
338 423
101 171
1 137
23 424
44 120
242 312
67 467
394 446
115 351
214 305
223 447
193 200
223 445
138 215
214 309
286 360
95 474
72 139
6 81
101 163
44 126
223 473
277 406
437 481
223 472
242 324
437 483
338 435
115 381
437 484
159 192
394 456
394 454
394 463
67 493
159 185
480 498
101 198
259 390
101 196
129 324
129 321
242 332
156 304
1 114
242 337
101 194
53 281
338 446
23 447
115 371
50 411
437 475
286 377
115 374
394 467
223 468
286 374
95 497
159 175
335 426
95 491
335 422
165 204
86 353
44 145
44 148
101 189
129 331
109 213
115 325
23 476
223 495
144 383
437 461
286 304
437 463
394 479
172 390
165 241
338 450
302 364
193 249
259 335
259 332
302 362
165 238
251 274
109 219
138 263
23 470
109 200
223 487
115 313
223 486
115 317
50 431
50 433
89 191
251 256
193 245
165 221
193 237
193 236
251 263
109 208
138 252
138 253
144 367
109 205
302 378
23 498
338 477
72 123
109 232
338 479
50 466
251 289
89 161
115 340
121 218
423 496
130 188
165 255
251 297
251 298
138 285
118 199
138 280
423 498
44 116
138 282
259 350
302 388
302 389
338 486
86 312
86 310
251 279
193 262
251 277
251 278
89 172
121 207
165 251
259 369
302 392
423 482
135 404
138 274
259 360
44 101
259 363
23 480
109 227
101 146
47 187
242 387
217 341
92 436
77 489
106 284
175 200
208 301
208 302
367 500
265 488
184 255
208 303
184 251
265 483
38 143
92 430
62 129
106 296
232 307
62 127
217 334
232 302
106 299
329 445
329 442
184 259
38 138
329 446
129 393
265 498
112 414
29 115
330 342
38 133
47 162
92 458
121 254
217 368
330 361
67 417
121 255
217 367
130 255
329 434
344 423
112 406
329 435
184 273
121 260
153 371
92 451
29 125
121 247
153 354
67 403
217 359
47 177
329 423
353 452
329 429
38 151
330 364
330 366
47 171
72 184
242 342
121 276
329 492
121 277
329 497
72 181
353 490
92 471
112 466
198 343
86 484
217 307
129 341
1 294
53 135
1 297
77 430
53 141
77 431
242 352
77 435
86 498
77 436
329 488
130 245
353 473
353 481
184 222
112 457
190 215
92 487
129 359
92 489
198 330
274 478
35 305
86 493
274 479
53 110
53 111
217 321
77 421
1 268
47 125
32 496
217 323
47 126
184 230
92 491
130 220
129 360
35 315
32 493
53 115
129 363
1 276
220 493
242 374
67 447
47 133
77 415
353 498
329 463
130 229
115 296
130 223
353 496
329 465
198 319
190 235
121 293
217 318
112 431
35 329
38 198
53 124
274 497
10 19
32 478
147 398
153 304
260 390
175 288
156 199
190 243
35 331
106 208
12 228
103 461
35 332
12 229
89 302
162 353
89 304
12 226
175 295
274 446
175 292
274 442
232 388
461 486
312 344
232 387
208 396
461 489
232 393
103 472
190 259
198 376
89 315
198 377
9 384
89 318
112 497
283 496
198 375
274 435
12 211
181 431
312 315
106 220
147 374
232 356
103 442
35 353
12 208
35 356
35 358
162 374
181 423
274 466
112 483
283 482
175 257
147 363
232 369
312 322
260 386
312 320
260 388
62 180
103 452
198 352
103 459
112 476
112 473
198 356
162 381
190 273
175 249
353 409
312 378
153 349
147 359
312 371
232 334
312 370
232 331
156 159
26 320
35 372
29 143
62 170
181 480
184 294
181 484
98 145
103 427
103 426
181 488
12 263
103 424
181 487
175 239
162 399
268 312
232 343
156 173
32 440
98 133
175 241
190 290
181 474
62 167
62 162
29 156
98 139
62 163
90 177
32 415
312 356
32 411
147 333
26 308
106 261
353 427
106 267
153 329
461 476
106 266
35 391
232 310
156 180
260 324
90 162
205 464
461 483
277 294
274 425
274 423
12 241
181 467
26 314
106 270
175 214
32 423
62 148
175 210
353 417
156 188
232 325
156 185
32 428
175 218
147 327
312 363
62 144
198 396
274 412
90 159
98 114
274 413
62 140
90 158
12 232
98 180
12 184
172 476
414 431
147 310
268 343
26 361
277 384
147 313
259 417
41 433
147 319
156 235
35 294
260 311
90 141
260 305
89 267
277 391
277 392
260 308
12 188
109 123
446 475
109 124
172 460
283 404
156 248
156 249
17 430
109 120
268 352
283 400
283 401
172 462
414 443
292 349
26 373
41 425
446 471
156 247
277 377
470 475
41 424
156 244
147 305
89 279
277 380
260 319
98 178
90 137
109 127
90 135
172 494
109 158
172 492
26 346
41 419
41 418
50 386
245 255
277 361
156 252
245 256
277 365
50 383
446 484
89 242
90 121
89 243
259 438
72 203
90 125
414 416
9 334
26 359
109 146
90 119
26 355
156 269
17 458
50 373
446 496
259 444
259 446
156 270
181 374
12 154
12 153
109 178
9 359
58 476
90 109
162 300
17 401
17 400
414 473
277 343
200 271
232 297
41 473
95 322
44 298
90 106
9 357
172 429
172 428
283 447
109 168
162 315
268 396
95 318
109 162
50 394
95 312
172 411
277 325
414 456
277 327
283 438
162 324
172 454
58 492
214 472
446 447
58 495
58 494
283 435
95 349
277 320
106 304
189 492
470 485
41 454
17 424
189 485
138 327
103 480
81 120
9 373
81 123
172 445
9 379
81 127
277 316
98 194
172 443
283 422
17 412
156 220
214 487
268 378
214 489
470 491
95 336
251 317
156 223
200 298
232 294
17 408
103 497
138 316
41 441
95 331
89 212
138 311
138 312
259 403
172 435
9 363
9 367
77 78
344 488
344 487
67 359
242 425
277 307
86 443
58 437
95 367
115 243
259 499
200 225
251 352
44 255
44 256
77 85
1 251
72 252
72 250
72 251
217 297
344 498
115 239
242 433
242 439
223 326
138 338
124 180
81 196
44 244
72 258
200 238
44 247
115 269
86 468
251 367
115 261
72 281
200 250
124 142
214 436
223 359
214 439
50 309
200 247
81 162
200 244
321 356
44 275
138 362
53 158
44 260
251 357
115 250
58 468
67 364
223 347
67 365
129 450
81 171
81 176
77 93
81 179
17 481
385 435
17 484
223 373
115 207
251 388
329 410
259 455
251 394
321 335
321 334
223 381
338 339
121 301
338 341
338 344
121 303
1 213
338 345
217 258
1 217
292 305
1 216
292 304
17 476
259 466
50 313
329 408
321 326
135 500
344 464
385 414
385 411
124 189
124 188
245 294
344 467
89 284
292 317
259 477
50 346
89 289
129 403
109 117
72 231
344 477
223 386
385 400
242 411
89 293
385 404
259 489
245 292
292 334
50 338
90 91
223 392
200 216
90 97
368 431
249 374
250 261
37 452
93 120
377 480
111 500
321 411
233 453
224 415
233 454
14 110
14 112
105 355
114 399
144 215
14 113
153 256
37 469
175 310
37 462
93 114
359 403
93 118
105 340
330 462
224 406
250 267
368 451
153 247
153 248
377 459
377 456
250 284
368 458
175 306
46 486
93 149
307 488
184 398
307 489
233 436
209 241
224 438
330 473
144 230
224 437
233 433
307 481
218 282
218 281
224 433
218 284
105 335
105 329
250 292
330 491
368 446
359 425
144 228
386 488
386 489
135 203
224 429
105 321
23 162
312 412
105 318
67 316
93 162
258 378
32 156
67 312
28 457
28 456
249 334
249 331
67 310
241 258
150 407
330 417
224 453
150 401
307 460
20 302
404 468
209 264
23 191
32 152
312 419
46 468
23 186
28 441
84 106
377 441
258 380
84 108
233 428
98 417
20 314
404 475
307 478
20 310
114 361
114 362
233 421
114 360
209 273
404 470
23 184
404 472
32 139
368 496
93 181
377 413
20 320
67 330
330 438
150 428
249 319
32 132
135 238
294 452
294 451
209 284
330 433
114 374
46 449
330 436
377 428
1 399
32 144
67 329
93 175
20 338
150 416
184 362
224 463
307 454
150 418
224 461
14 101
46 457
153 285
330 446
126 215
236 277
162 225
126 218
14 193
32 111
227 231
227 232
312 450
84 159
236 279
20 349
46 422
84 150
20 343
41 152
413 464
55 464
279 280
279 281
55 467
32 129
126 204
279 287
50 193
175 399
236 283
236 281
11 305
20 352
11 303
84 149
93 199
93 196
50 195
41 149
236 289
50 198
84 142
135 268
71 98
32 120
236 291
89 439
126 209
71 93
28 473
49 290
28 474
236 296
279 294
41 139
241 280
83 96
83 97
241 281
404 442
132 392
404 444
135 276
46 407
49 296
162 252
49 294
46 403
55 445
98 448
312 447
312 449
84 128
19 441
83 88
28 466
132 379
41 122
404 454
108 197
360 367
20 377
46 418
413 472
49 286
102 500
81 307
81 309
81 308
11 337
20 386
132 365
19 412
41 197
135 298
132 373
95 98
162 276
175 373
162 274
81 300
126 247
175 357
81 317
98 491
153 213
175 356
227 262
175 354
276 392
132 352
227 265
20 395
132 356
19 417
41 183
413 498
20 399
175 360
196 223
49 262
81 311
153 201
175 347
312 472
11 311
132 345
377 495
126 230
132 348
249 398
162 290
90 285
41 177
41 171
49 259
90 280
90 287
206 385
132 339
175 338
206 386
249 385
126 224
206 387
249 383
55 470
11 326
11 325
368 405
227 245
312 481
249 388
206 382
312 485
105 364
404 411
49 246
55 476
276 368
55 479
90 278
55 478
233 485
64 422
117 131
64 425
123 401
196 260
126 295
342 352
11 257
132 443
50 240
132 446
11 251
90 261
49 235
34 76
75 197
276 450
90 267
81 239
9 428
285 399
123 410
276 470
276 471
34 56
22 98
123 414
22 97
4 168
117 145
126 288
50 230
342 347
4 164
90 251
89 397
81 232
276 465
267 405
206 473
389 391
196 240
72 322
86 500
10 78
132 421
4 151
108 224
267 431
395 418
22 55
395 419
149 496
395 413
90 248
267 434
196 234
276 432
81 216
206 463
9 448
34 39
75 189
478 486
22 75
478 488
22 73
22 71
50 253
469 479
58 70
276 447
149 488
49 201
196 248
395 424
75 187
267 424
64 450
389 395
395 420
181 497
389 393
395 440
123 443
123 442
19 372
285 349
19 373
50 287
141 327
141 326
342 397
19 379
141 323
227 316
7 9
89 341
276 414
22 35
178 216
90 226
395 437
276 412
285 350
9 479
81 267
64 463
285 352
4 129
395 450
58 366
123 456
41 106
10 67
360 396
50 272
236 245
236 246
22 49
108 256
178 221
227 309
22 47
89 355
10 74
108 252
81 275
276 420
469 493
81 276
81 278
276 422
285 362
469 491
4 118
64 486
285 366
123 421
162 204
123 423
206 436
4 113
193 433
267 476
282 500
206 437
178 238
196 278
285 374
196 279
4 107
75 149
395 472
64 499
162 217
123 434
162 212
206 424
206 425
19 363
10 45
141 359
193 420
193 415
11 284
22 27
267 460
11 282
193 418
193 417
89 335
149 442
9 486
9 483
395 469
58 380
285 383
9 488
276 400
285 384
144 181
395 483
206 412
206 413
258 335
294 466
206 414
285 306
67 231
100 134
307 421
150 445
395 479
294 473
395 474
294 470
395 476
492 493
72 378
452 462
67 229
215 341
67 226
285 319
267 491
58 326
193 436
100 130
267 481
149 423
114 327
249 406
321 488
294 463
114 322
206 409
117 198
452 472
1 344
359 371
215 355
258 357
23 215
123 469
141 305
215 351
184 307
193 476
307 403
184 303
114 337
193 469
100 162
321 479
452 482
395 496
1 350
114 331
144 190
452 487
37 404
422 487
285 334
72 394
72 399
123 476
215 367
285 335
1 358
23 203
141 319
1 357
37 402
123 477
141 317
184 316
187 196
215 362
258 364
307 419
187 194
67 243
100 145
100 144
184 314
258 361
307 416
114 348
193 457
114 346
150 457
294 485
114 342
37 412
46 98
23 239
117 177
67 277
150 493
50 207
321 456
50 206
330 377
37 409
1 330
23 221
215 304
117 181
258 302
46 89
46 83
321 447
72 335
215 308
117 153
258 318
144 161
315 329
1 305
46 76
93 221
100 116
67 296
100 112
93 229
50 228
315 324
34 94
315 321
215 327
258 327
209 214
100 107
23 246
100 106
215 323
9 407
72 353
37 440
46 61
329 500
67 288
117 168
114 304
50 216
46 59
72 357
144 146
321 428
23 274
27 99
250 386
170 189
250 387
23 278
52 59
167 449
175 441
27 90
434 442
307 388
218 387
315 384
184 491
40 66
210 240
175 450
105 239
162 198
144 333
162 196
23 272
193 282
250 391
167 457
23 269
264 452
241 330
167 455
273 481
175 438
167 451
218 374
40 58
307 394
233 349
114 284
138 176
129 159
135 303
135 308
138 171
52 70
144 324
218 371
52 76
209 368
175 420
167 420
190 415
201 214
249 479
210 212
249 476
210 214
39 64
129 164
7 162
315 363
360 415
190 420
7 160
233 314
360 413
39 68
40 46
40 44
297 379
105 215
105 216
233 312
443 463
15 94
7 169
52 84
315 364
20 406
23 294
27 87
175 415
210 228
175 410
224 309
167 438
297 391
64 70
249 467
249 468
273 498
218 398
273 499
434 451
233 326
233 328
105 204
233 321
443 477
105 206
7 179
209 377
315 354
52 95
209 378
147 196
27 59
27 56
147 199
210 274
64 80
84 235
190 439
258 490
27 51
184 444
175 405
249 452
64 76
241 379
7 184
347 492
135 333
15 79
209 381
273 447
20 421
210 284
224 339
111 428
147 186
27 63
147 183
27 68
64 92
84 224
307 359
64 87
135 340
218 330
114 249
347 481
84 223
20 434
209 392
233 304
273 436
111 415
32 283
209 399
114 242
209 397
76 88
76 89
27 35
147 176
15 49
167 467
273 474
307 328
64 97
218 362
273 465
64 99
20 442
135 353
150 303
114 251
135 357
76 94
153 173
114 256
224 356
153 175
153 176
76 78
153 157
84 203
67 204
84 209
167 472
84 208
84 207
144 305
241 349
135 361
224 343
190 478
61 500
114 262
129 138
32 262
15 60
76 84
129 133
144 302
190 471
32 235
333 398
19 330
20 462
282 454
282 451
360 480
111 463
20 469
20 467
178 256
282 447
297 315
273 404
347 451
218 302
55 344
32 230
276 299
55 341
55 346
64 385
126 328
360 475
19 345
84 262
282 458
135 386
282 455
32 241
35 108
466 500
98 337
64 396
4 317
102 408
126 315
19 311
41 257
356 475
55 327
19 309
276 277
98 325
276 279
75 226
32 227
333 389
126 305
32 221
19 320
41 249
19 321
20 493
360 493
41 245
360 492
356 484
84 245
105 281
178 289
218 311
241 386
356 480
218 313
273 417
98 310
273 418
276 288
35 129
98 313
55 314
98 314
55 380
58 196
333 355
55 383
333 356
55 381
11 214
11 211
282 491
360 437
297 353
35 135
132 492
35 136
105 272
282 489
7 106
55 388
49 398
55 387
347 412
7 103
129 187
49 392
55 389
233 390
75 207
11 225
75 208
11 222
297 371
360 424
7 117
49 386
35 149
49 387
162 164
81 433
175 480
49 380
98 363
126 350
282 472
7 121
297 336
84 299
35 158
7 128
55 366
98 364
7 129
233 355
55 363
162 171
233 370
11 209
5 19
132 455
132 458
41 286
111 472
434 497
90 395
360 449
90 394
105 243
360 447
5 14
132 460
49 364
7 137
297 349
55 358
434 499
58 277
58 274
64 307
67 198
187 213
5 25
49 355
67 192
276 331
49 351
90 389
356 413
81 344
72 428
1 410
58 285
11 149
50 112
64 318
11 147
90 374
90 373
187 204
4 291
230 474
276 349
5 34
5 35
230 479
58 280
276 343
72 412
356 426
72 419
72 416
187 207
276 344
285 287
64 325
72 444
72 441
11 115
50 146
126 391
126 397
4 274
90 362
16 420
89 486
90 361
276 315
187 235
50 149
72 445
267 313
90 365
276 311
16 423
187 239
285 296
285 298
98 393
16 407
72 430
19 287
102 494
11 123
89 490
26 110
11 121
187 227
230 498
108 113
50 137
89 498
178 323
49 323
267 305
16 416
267 309
5 51
267 306
64 347
58 231
4 255
26 161
41 234
19 259
55 429
282 405
413 424
5 67
81 381
89 466
26 160
304 495
282 400
49 312
81 387
90 347
90 346
102 479
196 197
75 288
4 248
58 241
102 472
102 475
141 456
26 179
4 241
141 453
41 220
356 464
230 430
276 304
178 342
49 302
178 344
102 480
267 321
267 324
90 331
297 409
356 467
102 448
75 255
102 449
11 158
193 312
19 236
132 500
89 440
356 431
41 211
267 350
413 447
89 444
55 408
193 306
75 251
178 358
81 362
90 326
55 401
81 369
81 368
75 267
41 206
41 208
141 477
11 166
41 204
141 476
108 157
141 483
5 99
81 370
108 156
230 459
81 374
81 376
5 92
64 372
64 375
75 261
158 484
170 221
258 455
201 279
307 308
307 309
141 402
67 111
224 370
15 34
386 431
16 481
324 340
315 423
244 267
90 301
170 218
201 280
386 437
170 216
1 495
158 473
201 264
67 108
215 463
150 322
187 294
184 411
307 315
184 413
224 364
267 362
114 202
150 319
386 423
267 366
324 357
150 314
187 286
250 305
170 227
201 271
170 226
23 330
170 244
184 429
1 465
23 334
315 408
193 352
193 351
67 137
193 350
167 384
141 422
167 386
258 471
11 197
193 349
267 396
224 396
150 346
224 393
324 367
114 217
267 397
386 419
324 364
315 403
158 497
129 219
129 217
158 491
201 289
193 341
267 390
114 226
193 337
267 384
26 193
129 216
386 407
386 409
244 296
386 406
114 221
250 340
158 443
258 415
158 441
258 417
324 390
23 355
209 309
258 411
258 413
201 237
187 262
1 449
158 449
386 481
67 154
138 149
241 412
241 415
386 472
324 384
324 382
138 140
209 317
215 420
67 146
1 458
258 420
138 139
241 401
16 431
187 247
67 141
386 467
72 459
218 290
443 453
144 245
324 392
170 202
1 420
150 390
23 377
250 361
150 396
193 395
50 103
193 398
67 178
67 171
16 461
386 457
150 389
16 460
250 358
23 363
250 376
315 439
201 243
23 368
150 386
158 459
67 164
67 160
386 440
16 458
170 207
170 206
199 239
37 219
280 322
167 322
61 453
288 472
241 461
279 433
288 476
7 262
120 301
46 264
392 429
354 362
14 353
7 265
14 356
288 468
280 312
128 479
280 313
280 310
46 271
61 442
84 302
199 243
288 460
128 471
279 445
392 421
120 312
52 426
52 427
203 386
14 360
203 387
55 298
354 356
7 279
315 496
7 277
203 381
280 342
280 346
14 370
93 385
78 149
78 146
93 383
158 305
199 256
199 257
279 456
128 484
241 437
120 323
61 435
392 406
315 485
280 334
199 265
279 466
288 489
288 487
345 350
315 472
46 259
315 477
14 388
279 474
288 436
128 422
288 435
280 368
280 366
84 359
120 352
170 261
167 362
46 222
61 418
203 359
52 457
167 370
203 357
87 179
241 498
17 195
128 430
279 481
17 197
280 354
288 428
475 492
37 264
78 116
167 376
11 500
87 164
457 485
279 489
84 349
167 374
14 325
167 380
46 236
84 341
475 482
17 191
46 237
17 190
280 384
288 457
78 107
132 187
167 346
291 392
120 370
37 271
37 274
132 192
146 484
241 477
120 364
203 378
46 209
203 376
203 373
475 496
457 467
280 379
120 384
288 443
52 446
132 182
52 447
84 322
132 183
52 448
87 188
146 492
241 466
14 342
14 344
37 297
117 415
120 392
374 428
20 103
120 389
132 172
117 419
203 311
120 386
81 500
4 447
75 368
4 441
132 155
327 337
448 467
28 248
117 425
117 422
374 417
203 309
448 465
146 477
132 160
21 35
117 428
132 161
196 428
203 300
327 338
84 380
55 215
196 423
304 446
69 500
155 490
288 415
155 492
7 208
374 443
383 444
84 379
383 443
28 238
383 449
212 347
448 497
146 441
146 443
230 420
203 335
84 376
230 423
7 205
112 126
64 283
233 279
7 204
64 285
212 331
155 480
233 293
117 401
383 455
20 130
28 226
84 368
117 404
4 421
383 459
132 139
383 457
448 487
84 361
112 119
117 405
196 405
64 296
233 285
4 416
196 462
75 313
141 169
253 319
141 175
25 408
233 255
14 396
233 257
146 429
196 454
233 253
112 186
327 370
253 324
327 371
333 487
28 283
34 399
61 488
199 288
199 289
253 327
7 231
146 432
141 183
146 438
304 400
34 394
112 176
196 465
7 232
146 436
112 171
333 454
212 385
327 347
327 348
61 473
78 188
78 183
55 242
7 246
304 437
75 305
253 301
196 451
61 465
383 499
333 468
28 268
78 178
7 250
146 416
233 245
146 418
196 442
304 426
34 370
20 180
117 373
333 433
206 259
221 440
103 190
150 293
221 443
103 189
262 284
262 286
103 185
108 442
244 303
291 403
164 463
407 491
164 469
117 380
206 249
333 448
221 450
150 283
230 362
90 495
187 325
103 199
173 174
244 318
262 275
318 365
25 456
149 269
187 320
25 452
149 265
25 453
178 426
178 427
164 472
81 478
374 380
81 448
206 231
81 447
196 482
64 205
333 411
17 104
230 391
407 461
333 412
407 460
11 477
4 393
4 394
11 472
141 155
230 388
141 154
178 431
187 355
103 163
178 432
149 255
149 254
244 324
365 434
196 478
81 445
34 453
81 459
117 363
206 222
64 213
164 485
34 457
64 216
100 304
4 387
4 384
187 348
230 377
4 391
108 477
141 161
324 411
141 160
365 426
108 471
178 447
96 207
178 449
117 330
75 399
34 444
64 229
206 215
117 336
34 448
324 421
365 414
43 363
324 423
206 218
230 328
304 375
75 397
365 411
96 256
90 464
158 398
25 490
64 236
64 235
158 397
212 312
34 433
96 262
34 439
123 216
212 318
221 494
439 458
149 229
230 311
318 323
365 406
149 227
439 456
178 465
43 372
103 150
178 468
253 291
304 368
25 495
212 300
34 421
4 352
212 306
43 389
212 303
212 304
212 305
318 334
187 311
149 212
407 427
253 262
253 260
304 398
90 443
253 266
4 348
4 342
4 343
58 149
149 209
407 431
149 208
149 207
43 392
324 459
187 302
230 331
318 343
318 340
304 386
64 253
75 382
17 162
170 345
34 401
123 244
87 130
52 492
100 373
100 376
167 287
43 325
238 445
52 498
150 207
271 358
88 96
88 95
238 449
324 468
425 486
324 464
244 386
224 259
17 151
170 354
90 418
170 352
90 417
238 433
17 158
238 432
291 481
291 480
271 368
271 367
87 125
250 423
170 368
137 447
90 409
250 442
158 384
164 414
17 186
253 297
87 153
100 396
392 496
167 262
392 495
52 474
150 230
158 389
100 397
351 455
43 341
324 483
324 484
250 432
324 482
96 285
123 230
17 172
58 100
250 452
158 375
250 453
238 450
392 481
271 392
238 458
100 387
280 291
351 472
167 275
199 303
167 281
167 282
351 466
93 418
224 269
14 301
123 285
221 404
495 496
221 409
291 451
17 126
46 181
150 254
150 253
288 395
100 335
93 444
392 474
93 445
137 460
288 398
345 360
318 397
345 366
244 347
244 346
250 458
123 290
123 294
123 293
123 296
158 310
123 295
291 442
164 420
250 475
137 456
164 423
221 418
158 318
150 245
279 406
351 490
392 461
279 407
288 383
221 412
345 373
288 393
345 376
271 328
187 363
288 390
170 305
170 304
123 262
291 434
164 452
137 488
250 482
173 179
150 277
117 398
221 424
271 344
392 452
100 354
150 274
93 465
158 346
46 167
187 399
87 111
345 387
365 479
345 385
365 476
120 409
244 365
170 317
244 380
17 132
37 202
37 205
137 477
271 350
271 355
93 456
108 436
120 415
392 436
120 412
46 174
187 386
173 199
392 439
120 419
178 406
70 137
279 311
70 134
78 289
61 331
61 330
84 438
120 423
75 402
167 219
70 140
61 322
69 493
69 495
75 406
78 276
75 407
69 498
52 300
7 398
55 160
84 419
70 155
120 450
46 360
84 411
84 417
14 258
61 317
84 410
14 254
120 449
425 438
70 166
61 301
70 162
69 473
288 368
120 459
78 251
288 371
425 431
425 433
170 386
294 303
288 319
78 247
87 294
120 472
28 336
167 243
288 311
182 202
52 333
52 335
84 470
238 409
203 473
203 470
114 474
70 104
70 102
170 397
114 490
288 309
288 308
93 274
52 340
78 232
167 252
167 261
203 468
46 352
425 451
203 463
351 405
203 461
105 427
203 462
46 358
70 113
70 114
167 227
279 373
78 225
167 222
28 312
120 491
37 392
238 425
279 379
167 221
425 461
20 201
46 320
425 466
46 328
105 412
93 290
294 311
28 306
84 445
167 236
78 213
28 301
368 369
100 188
288 321
46 333
52 329
203 488
55 199
14 222
203 482
20 219
105 401
279 398
64 149
20 220
132 288
221 285
327 445
327 441
203 436
256 285
178 496
256 289
203 433
46 308
108 281
49 195
46 305
64 143
247 257
28 364
247 256
327 450
155 383
212 477
20 232
247 253
318 405
117 301
182 234
247 254
182 226
132 280
203 426
20 236
20 234
203 422
7 313
49 186
304 321
49 184
61 390
440 460
182 215
440 453
440 452
132 271
304 350
203 453
304 356
64 166
155 365
11 408
75 464
11 405
318 429
318 427
256 260
203 449
135 163
84 487
327 439
135 166
327 437
155 358
327 482
70 175
132 248
440 481
61 371
141 288
383 393
135 174
383 396
135 177
132 252
7 344
14 277
14 276
75 448
253 444
70 189
69 450
182 275
182 277
327 495
440 470
11 462
11 460
135 187
49 149
61 368
7 359
69 423
206 276
206 279
253 410
14 293
206 270
253 417
70 192
20 280
377 380
440 498
440 497
61 358
276 474
14 294
55 122
196 316
304 315
105 498
196 310
304 316
212 496
327 471
28 386
304 307
28 382
11 449
327 476
182 257
7 374
182 249
256 296
256 298
105 481
155 399
55 110
55 116
196 321
34 491
276 488
301 401
253 356
164 353
301 404
342 473
45 85
117 258
215 296
11 378
126 171
126 178
206 370
221 325
206 371
221 323
11 374
126 175
150 174
215 291
141 254
351 398
126 180
318 472
244 420
164 362
164 360
238 392
164 344
164 343
253 367
374 497
45 75
238 399
126 161
182 197
45 76
45 71
132 312
126 166
132 314
229 466
230 235
45 68
262 391
301 419
57 87
33 96
96 104
187 449
196 389
327 381
126 157
301 428
150 199
230 270
187 482
342 450
230 274
310 341
327 385
11 352
150 196
221 344
108 346
262 384
141 275
187 479
45 57
45 56
244 448
187 474
262 381
57 99
33 83
57 94
196 354
170 412
301 433
327 395
416 499
253 344
117 248
150 188
253 349
327 396
117 245
126 142
342 445
262 373
173 272
141 282
230 258
108 352
33 75
253 350
149 363
196 369
244 455
33 72
170 402
64 102
158 289
96 133
33 57
253 398
69 91
21 74
141 204
247 283
310 363
123 329
221 367
108 369
318 431
43 483
262 360
155 465
158 291
33 62
33 63
70 76
187 419
374 472
96 135
285 473
164 388
123 330
206 322
33 44
96 141
123 336
221 374
247 295
271 293
21 82
247 297
262 345
310 351
262 351
149 348
318 443
155 459
318 440
108 374
108 370
187 407
70 81
285 481
285 483
33 37
96 112
75 497
33 36
215 278
19 472
253 375
21 53
4 474
126 195
262 336
141 227
262 339
310 385
431 450
82 83
230 231
173 218
262 340
318 455
108 388
173 220
229 494
229 490
75 494
96 118
229 491
75 495
64 120
70 93
96 113
187 439
187 438
96 122
64 136
19 480
123 313
4 469
253 386
336 373
431 465
336 372
19 486
262 328
333 500
247 277
215 280
262 331
149 325
117 207
253 392
155 435
155 430
64 132
78 329
123 368
285 425
100 256
285 427
78 323
262 316
285 429
52 374
359 478
392 396
301 486
52 377
100 261
87 256
416 447
416 449
416 430
336 355
285 437
294 333
52 380
167 179
238 312
43 455
167 178
215 220
100 248
262 306
359 488
52 383
310 399
359 487
158 237
238 316
167 177
52 387
149 304
149 303
149 300
416 438
114 440
170 489
285 442
78 309
78 304
43 466
78 303
336 342
78 301
87 274
52 352
100 274
158 268
52 354
52 358
123 353
285 454
294 355
238 333
351 352
114 467
70 208
70 206
342 437
158 201
164 310
342 439
170 420
301 448
416 488
359 432
229 439
238 368
87 214
359 438
229 434
294 396
416 479
23 106
229 429
230 285
472 498
93 317
351 369
187 484
294 387
170 428
244 474
244 473
294 382
170 425
244 492
23 133
158 220
301 468
23 134
158 221
170 442
37 313
96 193
170 441
43 422
93 342
96 190
351 380
93 340
100 236
164 339
43 425
229 414
108 307
100 232
87 237
93 347
46 287
244 485
37 309
170 437
221 317
164 321
285 411
301 479
37 324
238 373
158 219
285 417
100 223
238 375
93 334
117 288
472 476
158 216
43 434
158 213
93 333
279 304
359 469
230 298
57 61
13 306
31 392
143 416
143 415
70 254
128 225
51 88
70 255
234 264
225 229
137 264
13 301
240 418
61 219
199 482
51 95
70 267
143 409
161 498
191 335
199 484
63 81
69 375
191 332
234 256
78 396
191 330
199 489
161 490
78 394
78 390
199 491
191 326
69 346
161 483
296 459
234 241
137 288
70 270
137 286
143 435
146 288
152 434
384 405
22 374
384 408
287 448
296 461
375 409
384 402
296 468
134 400
75 82
128 258
70 286
137 277
78 378
69 352
191 354
69 354
70 280
152 452
191 352
143 422
63 96
22 363
384 419
146 296
296 470
287 454
384 410
199 436
13 349
26 86
225 266
99 222
31 351
134 418
191 367
191 366
191 363
52 211
52 212
52 213
182 314
182 315
38 77
38 71
38 72
75 87
70 221
31 362
31 363
225 272
78 359
384 483
199 440
99 218
22 387
52 227
182 309
31 366
16 157
70 227
13 327
99 205
99 203
161 442
240 432
161 443
120 132
152 481
204 384
481 494
2 188
152 485
204 381
13 321
16 188
14 89
69 380
128 209
31 337
38 51
191 393
26 75
78 339
70 241
70 242
13 313
225 256
13 312
152 496
2 196
134 449
199 468
240 428
16 175
152 489
38 43
38 47
69 392
128 218
384 454
134 450
240 497
91 116
13 384
119 266
61 298
173 313
204 364
119 267
182 366
13 387
146 222
348 379
348 375
91 119
7 426
375 469
7 421
155 263
348 370
99 259
40 340
269 434
134 462
204 378
240 487
91 126
61 286
120 161
182 353
125 419
31 329
213 393
107 371
125 411
173 332
155 256
107 377
146 236
91 131
204 348
261 297
13 369
99 244
269 402
204 344
384 492
119 240
261 293
231 436
61 279
120 176
61 278
119 244
120 172
176 190
182 344
182 345
348 399
348 397
375 487
375 488
34 181
99 241
107 389
146 205
91 141
231 445
269 412
99 231
357 393
119 230
176 185
375 482
31 307
7 451
375 475
107 393
176 177
107 398
31 302
40 327
31 303
7 455
40 323
128 265
296 437
134 494
70 296
134 495
310 402
91 158
82 109
120 195
69 323
91 155
128 264
111 142
152 416
120 188
261 269
375 429
204 336
40 387
34 154
51 54
261 286
261 283
34 158
51 58
231 427
269 471
128 273
91 165
152 422
119 216
82 112
111 135
111 136
120 199
7 478
99 293
296 450
96 428
152 429
99 291
406 462
155 299
91 175
269 449
69 304
69 305
310 426
296 410
51 68
155 291
204 302
128 282
128 285
182 389
111 121
406 490
4 32
48 450
61 239
375 445
34 141
34 140
406 494
34 134
69 313
99 279
34 138
204 312
99 276
269 454
61 224
182 371
269 450
182 375
231 408
182 376
296 429
4 45
125 433
13 391
111 116
111 117
152 409
375 439
51 80
170 500
204 404
299 329
310 449
222 492
91 191
454 469
309 437
91 198
25 209
155 304
213 322
25 204
48 430
155 305
309 430
48 433
96 458
222 483
125 487
204 406
213 329
213 328
204 409
222 488
204 413
310 437
406 425
116 318
309 422
43 174
213 310
102 161
96 469
406 420
107 410
96 465
107 412
204 418
207 285
299 309
48 409
10 435
406 458
10 437
463 484
10 436
454 488
463 483
269 482
87 315
87 310
125 466
73 123
48 411
48 412
406 454
107 420
213 301
4 70
116 344
164 262
406 451
10 444
463 494
102 130
119 198
310 454
73 117
73 118
43 191
73 110
125 477
96 448
4 80
48 404
116 334
463 468
10 496
194 217
173 359
375 392
375 384
158 170
25 244
40 313
119 170
102 117
194 226
39 413
119 171
207 249
164 269
299 359
463 472
43 136
213 350
213 352
339 424
270 375
194 230
207 245
25 250
40 303
194 231
107 458
194 233
164 299
278 490
43 146
173 335
299 344
173 338
173 341
25 227
213 342
25 228
155 329
155 323
213 347
207 234
406 411
25 224
116 302
339 431
96 477
354 500
207 230
10 488
406 408
96 486
158 174
231 367
299 339
278 480
119 157
39 430
310 494
119 159
155 319
278 477
278 470
173 353
25 232
158 181
107 477
207 221
107 478
155 310
278 479
301 367
25 280
270 317
366 425
270 313
78 446
424 445
87 373
424 443
78 441
2 173
14 62
66 438
66 437
143 382
26 38
243 348
287 388
161 414
436 452
25 283
287 387
39 453
270 328
336 479
25 292
78 439
39 459
39 450
52 263
366 433
2 176
143 369
52 266
424 458
16 110
222 414
161 409
73 175
2 180
66 426
66 428
222 419
25 298
339 467
66 424
339 463
287 398
70 305
225 285
366 447
225 288
252 294
225 282
393 416
393 418
78 423
336 460
424 467
2 141
52 233
52 235
243 364
52 238
87 398
22 414
309 498
66 455
66 458
270 345
22 416
70 317
194 243
222 422
43 119
78 418
436 449
336 456
26 35
43 112
39 472
52 241
222 436
52 246
339 481
239 490
14 57
22 403
73 199
222 439
309 485
239 493
270 353
16 135
70 327
336 446
424 481
102 189
52 299
366 463
73 140
278 422
73 141
287 349
87 333
287 345
278 428
116 368
66 475
424 491
137 219
424 492
287 361
366 479
301 339
393 448
393 449
424 493
191 412
39 493
102 199
2 131
116 351
191 408
14 35
243 311
14 32
87 323
14 33
22 428
222 450
243 319
66 464
393 454
393 455
137 249
278 409
309 456
309 457
366 482
52 273
52 275
143 358
52 278
222 469
16 101
116 384
16 100
309 450
102 170
143 361
87 355
222 461
222 463
287 363
194 286
73 160
194 288
278 402
66 483
393 467
113 500
270 303
2 117
102 175
366 499
222 479
451 499
191 428
309 441
22 444
87 345
102 182
309 443
222 472
116 379
222 476
66 487
70 379
239 405
70 377
185 292
93 480
128 346
113 479
185 298
239 408
354 492
161 387
331 385
199 352
93 482
199 353
46 140
128 340
152 335
176 248
199 360
287 303
378 398
287 302
46 149
378 393
37 105
104 427
199 362
37 101
93 477
104 423
216 307
199 367
93 475
104 422
113 484
46 156
152 345
152 346
152 344
176 232
345 459
287 310
354 476
70 398
37 117
70 395
161 366
104 417
70 391
69 220
113 495
128 363
120 206
120 204
120 203
191 219
176 221
378 379
31 497
161 357
369 378
345 467
287 320
37 129
322 372
161 351
239 419
161 354
161 355
322 379
104 401
69 233
78 494
191 230
239 410
161 348
393 394
239 412
378 382
345 479
354 497
460 494
99 106
331 347
128 301
185 254
291 298
152 381
78 487
291 293
182 441
182 443
191 242
243 394
13 222
46 102
152 376
313 335
120 224
128 306
239 440
185 248
369 398
322 392
128 310
31 480
13 215
322 396
31 482
161 330
113 446
331 332
70 341
13 210
152 392
191 259
69 295
78 478
113 444
52 102
78 471
152 387
313 346
120 235
161 324
31 488
161 325
345 418
70 349
460 499
13 205
70 351
331 363
78 468
199 330
37 157
69 263
120 250
37 153
199 335
152 362
182 413
146 366
436 471
128 328
345 428
66 413
70 359
345 424
185 283
70 363
120 264
199 341
69 277
182 410
113 462
152 367
146 375
146 378
239 452
146 379
239 455
32 48
269 306
169 459
204 487
269 302
99 143
20 63
13 263
182 483
119 144
119 149
275 497
191 285
146 343
313 378
313 377
173 441
99 142
384 389
32 52
40 465
169 445
164 189
169 447
99 137
28 127
182 472
61 166
182 473
28 123
299 394
37 185
182 477
20 66
120 279
31 445
313 382
40 469
313 387
169 434
204 469
231 313
231 314
204 467
120 297
231 316
120 296
182 462
13 247
28 114
169 432
169 431
182 466
19 59
31 418
299 390
460 464
20 39
99 115
204 478
299 379
173 424
173 426
28 104
169 421
204 470
299 381
213 493
275 492
5 102
173 431
120 298
173 430
40 449
31 423
40 447
313 362
104 474
128 389
255 285
269 347
28 173
261 393
69 209
255 288
261 392
169 492
269 342
28 178
275 453
19 37
275 460
176 288
99 185
99 186
107 289
155 186
34 276
104 461
231 300
10 424
104 460
231 302
155 180
255 278
61 124
204 450
231 307
61 122
176 285
69 212
82 238
169 486
82 230
107 295
169 490
152 309
34 271
146 316
31 405
34 270
354 432
104 452
255 264
28 155
28 152
99 169
255 268
28 151
354 470
40 492
269 322
61 113
82 208
104 459
28 158
61 119
61 118
149 178
354 461
255 271
261 367
354 464
104 441
155 162
99 157
161 397
169 461
182 494
269 330
82 216
161 390
82 214
176 257
176 258
176 259
13 270
99 153
99 151
354 450
261 352
2 205
43 289
269 384
299 441
284 460
25 329
43 281
149 159
18 492
415 479
309 310
149 155
222 362
25 321
66 397
222 366
246 278
66 396
261 346
252 305
261 344
2 219
34 358
2 216
2 212
299 431
415 486
57 487
25 338
261 358
213 439
10 340
107 306
261 331
231 277
34 346
57 491
299 420
269 362
415 453
57 494
284 436
57 493
243 401
116 227
222 385
252 323
261 325
96 312
96 314
243 409
34 331
34 330
231 288
261 341
96 321
299 415
10 327
73 239
87 424
87 426
207 380
284 421
82 134
243 411
231 290
243 414
261 339
222 397
99 195
116 213
207 385
107 327
34 320
231 254
10 378
107 329
34 325
169 415
213 490
43 240
173 483
173 486
261 308
252 342
25 365
82 183
18 455
82 182
107 321
207 377
216 297
252 344
261 304
445 452
25 363
40 420
96 380
169 404
43 256
173 490
173 497
155 213
40 427
261 316
10 380
18 465
82 192
207 364
82 190
96 389
155 210
252 337
10 356
252 370
34 303
96 350
34 307
173 456
299 461
57 455
82 169
278 367
415 495
173 462
25 342
82 160
40 415
96 355
164 187
40 413
57 458
96 357
231 241
278 369
96 365
284 474
299 450
246 248
43 271
43 272
270 277
164 171
252 354
213 456
18 446
137 304
137 305
123 126
291 374
116 290
291 370
43 204
43 206
116 287
116 286
216 258
278 345
309 393
116 284
278 341
239 361
66 312
243 469
207 334
70 416
116 289
137 309
199 408
291 363
278 333
52 148
243 475
243 474
278 332
278 330
143 492
216 268
243 479
207 324
185 211
278 339
57 406
73 290
73 291
445 484
199 414
70 432
137 326
199 416
128 401
70 431
185 232
339 359
137 320
243 483
278 323
152 398
222 305
222 308
222 307
216 279
207 313
185 225
287 289
339 355
128 409
70 437
113 427
70 443
199 428
185 240
291 342
113 426
309 367
2 276
236 500
52 123
9 15
243 494
222 317
69 192
243 498
69 193
239 372
25 398
339 368
57 429
239 377
278 317
66 325
278 318
339 364
185 237
216 282
216 281
339 362
299 406
143 453
299 401
143 452
216 218
143 456
87 457
87 456
116 242
339 371
116 241
9 29
243 422
415 436
243 426
222 320
278 306
339 378
278 307
123 171
123 173
222 323
123 177
137 337
137 338
137 336
291 320
137 331
137 332
309 346
87 448
87 447
216 223
239 396
243 436
222 331
87 449
123 181
291 317
291 311
137 368
78 500
52 154
243 440
9 48
339 393
73 286
243 444
143 481
87 476
66 374
339 397
116 267
123 150
322 330
322 331
322 332
123 159
222 360
2 236
137 353
2 235
309 326
52 164
191 310
87 468
415 420
116 252
73 276
415 424
415 423
87 465
415 422
222 350
222 353
123 160
222 357
322 460
31 150
45 454
322 461
306 466
306 463
70 491
210 357
54 499
119 423
264 325
273 365
313 411
152 214
36 417
105 110
273 367
114 159
176 363
22 117
31 157
410 416
410 413
9 66
105 113
410 412
9 64
69 137
322 470
264 338
306 479
69 139
85 130
99 412
209 479
31 163
85 132
114 171
119 410
39 297
182 500
152 225
218 496
210 370
313 425
410 427
9 70
209 470
218 490
99 403
239 308
239 307
45 474
161 242
114 180
69 101
201 339
99 405
119 401
169 398
22 138
9 83
94 185
161 237
40 167
322 494
161 231
161 232
85 156
31 144
161 234
210 343
264 354
273 382
210 345
273 384
54 487
69 114
459 495
152 202
209 491
264 362
9 95
9 98
36 440
176 338
209 498
114 187
114 188
239 328
45 413
331 468
401 412
70 453
69 163
210 398
22 153
22 151
114 116
152 258
218 464
114 118
273 328
410 450
161 213
36 454
36 453
31 115
31 116
36 451
45 401
363 364
401 405
70 465
185 383
255 311
255 316
16 390
264 377
152 275
45 404
273 320
331 459
313 466
218 450
16 398
218 453
313 468
22 144
218 455
94 193
94 195
161 204
239 311
401 409
313 461
36 460
306 437
410 469
131 381
99 443
255 300
70 470
264 388
91 333
210 378
69 146
22 173
22 178
48 293
114 138
313 432
410 474
48 298
273 348
218 489
410 472
131 378
306 408
85 106
239 348
331 478
239 338
70 485
99 431
70 481
210 384
69 152
22 164
152 254
91 341
45 426
91 342
31 109
152 246
293 409
218 472
313 446
218 477
85 113
36 486
293 403
239 332
293 405
36 483
239 334
313 442
179 180
169 339
54 417
131 363
134 210
63 460
76 160
340 467
91 356
227 477
197 228
82 305
197 226
63 461
331 426
340 471
48 272
218 420
282 328
111 345
48 277
313 491
313 493
134 224
91 360
54 428
102 317
119 493
119 492
169 329
22 182
218 417
105 191
169 320
331 416
54 420
91 366
82 315
331 414
82 314
76 157
5 248
48 264
105 181
179 185
119 480
119 482
340 445
119 488
91 374
76 141
27 432
218 440
111 320
282 306
27 436
282 303
99 482
273 307
99 480
99 481
27 430
179 195
91 383
331 432
91 380
331 431
99 473
169 308
227 440
340 459
119 477
340 452
19 204
48 240
76 133
111 310
19 201
76 137
105 161
111 313
5 228
131 348
484 487
91 392
85 165
119 462
197 268
54 459
54 453
54 454
169 376
282 371
82 346
125 207
5 217
76 127
105 151
48 238
105 156
131 315
252 500
131 316
114 199
140 377
161 294
85 174
40 142
134 262
161 299
381 409
54 467
381 407
381 406
197 254
54 463
11 100
197 259
119 456
119 459
197 260
111 374
82 355
82 354
82 352
5 206
140 381
140 380
131 321
105 146
255 386
227 491
161 287
161 288
197 243
331 408
340 486
331 403
381 434
85 180
111 363
148 490
27 478
57 299
340 494
176 385
197 252
282 348
57 296
140 390
340 491
148 496
282 346
27 470
140 398
40 124
140 399
40 121
134 286
255 376
176 381
381 429
282 366
54 447
119 431
282 363
282 361
169 344
111 361
27 467
27 469
282 359
105 124
194 414
194 415
66 270
134 176
73 347
68 83
236 432
57 356
148 470
148 472
19 177
19 173
222 242
246 392
140 332
125 240
2 339
261 481
2 337
236 449
73 336
381 448
2 331
82 279
111 297
125 258
66 269
148 465
82 270
222 253
148 469
236 452
390 481
222 270
222 272
252 450
252 451
44 96
73 369
197 288
236 457
82 249
82 248
390 484
57 378
343 377
19 158
82 243
57 374
19 155
148 452
261 449
125 222
179 231
5 198
252 448
255 298
140 357
194 402
261 461
139 425
66 281
194 407
102 371
44 80
111 281
252 438
82 257
111 275
73 352
19 166
73 354
343 361
125 234
5 183
19 161
125 233
148 447
222 277
261 456
125 230
194 410
194 456
236 474
139 474
252 471
252 473
143 179
73 302
81 94
102 341
143 177
390 466
81 97
139 471
102 344
63 424
5 179
57 311
19 134
390 457
44 68
390 459
5 173
125 286
57 317
148 437
5 178
222 288
261 423
252 469
57 314
194 464
139 486
81 89
282 300
81 87
390 474
81 85
143 169
381 488
19 148
246 346
19 145
246 349
148 422
222 295
261 435
261 434
32 81
252 459
194 434
148 418
32 66
32 65
140 307
140 306
44 51
459 500
139 451
63 441
19 116
19 115
44 46
82 285
93 95
125 264
179 276
246 371
122 414
57 338
140 310
179 290
252 480
468 476
20 93
73 314
468 472
5 149
19 124
122 401
20 86
19 121
179 289
261 413
39 222
194 499
363 458
468 485
390 423
316 357
372 380
166 472
363 460
363 444
316 367
16 350
185 334
16 359
139 490
152 283
322 402
2 388
409 468
139 492
171 178
122 452
152 277
122 457
194 480
185 349
94 222
194 487
66 211
39 233
209 415
209 413
94 218
363 423
185 361
209 416
316 382
493 497
152 294
2 398
39 231
122 442
390 407
57 300
122 444
57 309
239 253
293 444
194 493
293 449
16 377
57 305
293 448
209 423
264 407
201 350
31 197
209 428
2 368
363 416
39 260
2 363
409 443
73 383
45 371
188 193
56 65
322 430
45 365
201 345
363 400
363 406
39 252
122 471
322 439
73 370
267 284
264 426
201 372
293 485
201 376
2 346
322 446
316 330
264 422
409 422
409 421
409 420
22 214
16 349
66 258
56 83
19 195
94 265
222 225
209 442
39 278
236 420
201 363
201 366
31 186
293 498
68 73
2 356
39 273
39 276
122 490
222 237
16 332
73 394
372 374
372 375
239 297
56 93
185 316
249 252
74 82
85 242
296 355
85 243
201 436
201 437
169 296
255 402
54 375
169 298
8 199
249 254
418 451
249 255
119 305
146 189
146 185
146 186
85 245
296 363
85 251
74 92
8 182
13 417
442 456
210 484
442 455
418 465
451 481
201 429
442 452
201 427
418 462
54 384
146 196
146 198
191 447
143 316
306 320
137 168
13 406
85 265
143 311
451 471
169 271
210 451
54 359
146 171
451 469
54 351
146 163
418 479
306 328
40 289
128 137
296 342
40 280
169 263
191 475
143 303
210 466
191 473
128 132
418 483
54 360
176 457
176 453
191 469
210 471
49 84
13 468
185 490
137 188
442 489
49 88
191 486
13 466
49 87
22 277
16 285
176 445
22 276
171 196
85 202
31 237
171 190
363 484
49 71
134 302
363 486
191 498
22 262
134 303
13 455
37 95
137 181
171 188
22 265
176 430
91 206
166 422
363 490
171 182
363 492
25 95
99 326
363 476
442 469
442 468
22 292
91 213
210 496
22 296
49 64
22 294
54 390
31 212
31 218
99 313
363 467
99 311
255 413
264 277
49 55
22 282
201 406
176 411
176 412
176 413
37 76
37 78
166 446
296 393
166 444
176 416
37 71
128 188
236 398
40 231
255 489
169 219
255 487
8 114
128 180
128 182
227 356
340 348
91 234
340 342
76 283
134 338
63 340
188 306
48 394
389 404
111 223
107 481
246 439
48 398
246 438
131 477
111 229
131 474
99 382
179 299
5 374
99 378
99 379
3 17
119 370
227 340
255 475
204 258
255 476
264 299
227 348
5 368
389 417
5 366
213 272
19 103
48 385
107 493
246 427
107 495
398 470
99 371
131 486
348 480
50 51
50 53
204 228
99 365
73 400
76 260
8 138
398 436
48 371
246 457
63 366
48 377
48 378
131 455
40 218
99 358
131 472
204 235
63 372
433 491
13 472
82 418
119 354
119 353
76 252
63 373
48 360
5 344
389 435
3 30
246 441
128 145
140 487
169 257
204 205
40 276
85 283
169 259
54 339
296 311
427 452
249 291
398 494
169 250
169 251
54 331
91 277
8 155
296 318
85 280
63 384
119 346
128 143
119 349
125 328
348 458
5 336
340 393
54 330
63 388
340 395
111 267
111 269
334 398
249 285
8 140
40 266
210 448
40 265
85 295
134 389
210 449
131 450
161 177
204 213
296 322
50 89
57 162
8 148
180 203
54 343
296 329
306 390
340 397
85 291
91 287
76 233
125 335
5 326
161 169
131 444
3 52
131 446
50 94
128 167
306 366
8 170
8 171
54 314
169 230
119 323
210 410
227 379
125 309
128 163
340 364
8 179
119 327
340 371
111 243
246 412
62 76
48 331
62 78
246 416
348 475
348 470
348 471
48 339
40 258
398 488
128 178
433 455
398 486
255 497
306 374
57 181
296 306
54 322
433 454
82 457
119 313
5 302
82 456
340 383
119 315
246 400
76 214
348 461
348 462
76 219
40 247
131 423
48 309
372 417
303 495
188 269
134 295
188 264
188 265
366 385
73 467
2 440
102 265
111 196
73 461
179 337
236 319
48 315
389 484
3 85
57 237
188 278
390 393
34 115
236 329
357 459
372 420
236 328
2 453
34 117
2 451
390 394
316 401
316 407
57 244
102 280
179 349
73 453
316 409
389 497
125 377
116 434
66 143
125 372
66 172
188 248
188 242
188 241
66 171
102 240
179 359
316 419
140 471
140 473
188 258
102 250
372 444
102 255
236 345
73 475
125 359
188 260
66 169
179 365
188 224
236 354
66 194
102 228
340 428
140 403
2 403
325 358
143 299
73 424
236 355
381 388
246 479
381 384
381 383
213 249
270 485
25 124
63 309
213 247
5 293
116 402
157 474
25 120
5 297
357 494
66 180
194 349
157 490
2 412
140 419
303 446
340 435
102 231
143 286
188 239
102 232
227 426
79 109
246 468
270 490
79 105
213 233
79 107
179 389
270 496
140 420
325 376
325 377
39 326
39 325
39 328
140 427
325 370
119 285
357 488
188 205
102 202
102 201
25 106
63 326
389 463
389 462
179 395
116 422
213 229
140 430
246 495
357 473
102 214
39 312
303 463
102 219
340 416
39 316
227 400
102 210
236 389
227 404
63 334
76 298
5 268
381 395
381 393
246 480
389 473
5 265
79 120
246 487
389 470
194 379
270 439
194 378
25 75
39 346
25 74
25 161
316 472
25 76
185 452
270 437
25 78
372 498
152 182
325 391
25 71
325 395
16 243
143 262
171 275
37 69
270 441
13 90
325 389
194 389
25 85
316 483
270 448
270 447
37 53
37 55
37 57
166 347
171 260
194 394
16 235
16 234
166 342
25 176
401 432
270 458
37 38
143 277
143 276
39 363
37 40
152 158
152 156
157 459
171 296
25 145
171 290
39 354
185 481
39 356
152 172
180 189
157 467
152 168
25 59
171 280
270 475
171 282
25 158
171 281
25 151
270 471
401 429
194 376
94 126
201 473
459 481
39 389
401 496
2 488
357 425
13 47
459 488
39 384
372 457
357 421
418 495
459 485
116 481
13 56
13 53
22 313
16 206
185 400
287 466
287 465
25 29
166 396
185 402
39 379
270 401
316 442
201 468
273 285
459 474
2 493
316 444
13 62
13 63
116 473
13 67
36 500
94 113
116 476
459 460
2 469
357 404
102 283
2 465
401 471
459 462
143 241
179 312
25 184
16 223
25 191
39 399
270 427
16 209
201 488
236 303
39 394
366 377
2 471
273 299
2 480
22 320
116 493
372 492
372 493
22 323
157 429
66 125
94 130
66 127
185 437
66 124
116 498
25 198
185 436
45 212
272 328
60 404
169 178
122 156
122 155
76 327
5 414
18 20
272 330
281 370
85 371
85 375
60 415
113 125
136 459
45 208
45 205
281 382
18 37
94 391
281 388
54 260
76 314
202 345
145 489
145 486
131 184
346 395
54 239
211 380
355 396
54 232
355 397
76 300
211 379
202 372
211 376
290 399
281 353
290 395
131 179
76 309
272 335
145 499
136 471
136 472
272 337
45 220
122 166
202 360
290 387
290 386
290 384
346 390
145 467
51 406
242 469
85 321
15 358
82 500
127 455
127 453
202 311
85 324
220 397
127 452
242 471
202 319
242 476
15 365
220 395
131 170
136 497
122 196
197 415
122 195
197 413
290 369
290 365
36 223
328 334
166 300
289 461
289 464
202 308
220 387
15 376
242 486
272 306
85 340
85 343
169 195
219 496
219 495
290 349
346 359
364 395
54 275
290 354
166 337
272 310
131 138
192 198
289 498
145 455
85 350
242 496
51 412
15 383
127 428
364 388
364 394
54 285
127 420
166 328
36 248
36 247
15 380
166 325
202 325
131 145
166 320
131 149
219 470
104 154
110 304
110 301
232 256
113 196
219 473
113 198
303 412
43 59
63 224
127 497
8 239
197 472
60 489
36 258
219 479
456 467
118 458
140 176
254 315
127 496
60 481
31 69
104 144
298 474
31 64
76 392
197 454
197 459
145 436
211 321
254 324
328 371
289 425
328 372
197 462
303 408
289 429
118 465
118 462
118 439
298 462
8 251
104 131
228 499
8 252
79 150
228 497
447 449
31 55
104 139
8 253
63 244
219 452
197 445
33 389
232 240
289 459
18 89
140 192
219 458
140 193
328 345
328 346
382 439
118 434
127 471
289 455
319 348
145 410
154 439
219 462
232 244
104 124
197 435
145 413
303 423
5 468
211 300
254 303
289 449
219 469
456 478
18 94
36 287
5 463
18 91
254 305
328 352
79 166
328 353
79 165
254 307
328 354
456 470
31 36
79 173
60 447
219 433
33 362
60 448
97 212
180 314
63 266
5 457
63 269
18 65
281 331
18 66
219 437
148 277
254 353
5 459
254 354
31 40
110 351
118 413
382 454
79 176
79 183
110 334
54 225
60 458
281 335
211 371
33 351
63 271
183 190
197 497
281 337
97 228
154 496
254 367
33 353
219 449
148 266
18 79
456 497
118 422
79 193
183 184
281 305
8 299
260 453
197 491
254 333
154 492
289 417
5 439
18 44
148 252
148 256
140 151
79 196
289 411
355 368
140 159
110 318
63 294
54 205
197 475
110 317
154 475
97 204
18 58
113 191
5 421
154 480
219 428
197 484
148 241
254 343
18 52
303 374
364 417
223 295
303 370
171 308
364 410
97 259
260 432
171 304
180 233
57 115
97 250
334 472
101 336
97 253
179 458
148 230
97 251
97 252
254 277
179 454
42 367
179 455
18 135
157 396
27 296
157 397
438 453
325 427
319 396
319 395
57 126
101 328
237 483
334 481
33 436
57 121
180 239
334 484
163 434
205 214
237 480
101 320
334 489
18 144
110 261
148 229
179 460
88 113
251 408
18 108
325 456
88 110
110 243
110 248
88 116
42 384
325 457
438 440
24 411
174 182
97 238
180 211
163 446
254 257
163 449
260 405
163 442
260 404
33 421
180 207
179 476
185 500
260 408
101 351
188 372
118 396
263 298
334 457
148 217
27 275
148 216
179 473
57 139
33 428
303 386
245 369
88 104
171 318
174 198
171 319
174 196
171 314
174 193
260 420
57 147
171 322
79 205
79 207
97 240
254 265
82 493
27 260
263 289
27 261
110 240
27 265
33 418
319 364
139 232
319 366
139 239
180 278
245 310
139 231
157 357
97 291
163 464
33 409
33 404
408 499
24 428
180 284
245 308
104 184
245 303
139 248
325 469
24 423
139 241
251 416
163 481
163 480
118 380
259 500
163 479
334 440
263 268
42 333
157 363
94 423
139 212
115 500
303 353
319 383
303 359
188 329
251 452
60 389
118 355
391 495
79 233
5 397
5 398
408 464
303 341
94 415
42 352
319 371
139 225
24 444
251 431
97 289
245 322
188 338
63 210
251 438
180 265
303 345
97 283
63 212
79 245
157 382
5 380
334 426
60 393
51 446
94 446
51 444
391 468
109 412
139 275
139 273
8 18
45 172
220 474
109 414
166 231
94 444
408 442
391 458
15 320
391 456
45 166
24 466
139 282
290 438
24 460
251 457
290 437
171 386
8 24
171 388
290 442
171 382
45 162
171 380
166 222
220 463
88 163
220 462
334 407
408 424
109 430
364 477
364 475
136 405
139 252
71 115
157 338
251 496
51 461
94 460
391 450
45 193
220 458
237 416
352 499
220 452
42 305
109 437
352 496
166 251
88 189
465 483
109 423
408 435
24 488
24 489
364 465
364 462
71 124
71 120
251 485
179 401
166 247
237 424
42 311
8 40
220 440
51 451
166 242
223 257
45 135
109 451
192 207
223 251
109 452
136 424
122 240
373 380
171 349
171 348
245 395
171 354
202 394
373 379
373 376
237 436
192 214
101 372
122 238
391 431
391 430
45 126
88 124
166 273
51 478
223 243
88 128
171 337
18 180
122 220
220 427
220 429
220 428
373 387
272 360
101 363
192 200
391 422
109 447
51 474
88 155
438 488
272 389
223 272
171 368
139 295
373 399
171 371
171 374
45 150
192 230
237 454
237 453
101 398
163 408
166 293
223 266
192 216
8 90
192 218
438 471
364 423
223 269
122 244
163 414
122 242
122 241
171 366
163 410
220 405
18 164
163 411
171 362
179 441
391 400
88 141
166 286
15 278
15 277
328 409
15 271
328 406
286 500
39 186
63 189
63 186
68 448
337 443
426 444
426 445
68 440
71 171
94 286
59 407
8 97
59 404
85 495
63 196
36 306
76 431
202 463
337 436
71 188
68 454
15 293
91 414
337 427
337 421
91 419
36 317
68 425
36 315
71 197
211 493
337 424
59 424
68 423
45 343
54 122
122 293
202 481
36 329
300 489
36 327
36 325
122 289
59 414
59 412
76 416
76 417
94 297
399 401
220 289
15 234
220 283
183 242
85 441
15 236
54 179
48 193
54 174
289 357
399 454
337 404
290 496
202 433
426 481
417 441
15 245
220 272
131 293
257 281
15 242
15 241
131 297
48 180
48 181
290 488
399 465
399 461
426 496
12 411
254 407
328 456
426 491
257 276
257 273
328 451
352 443
202 428
257 271
328 452
51 303
85 460
417 428
45 318
91 452
36 359
290 474
257 268
12 405
12 402
183 217
289 378
68 465
91 460
45 301
220 251
15 263
71 168
202 442
54 161
85 477
131 268
202 446
352 466
202 447
36 361
220 245
220 244
281 282
228 394
197 344
228 390
8 353
163 390
27 334
154 351
211 431
254 435
174 233
48 159
328 488
140 294
12 461
27 330
118 335
131 236
27 332
91 483
319 430
319 433
106 451
8 345
197 334
106 453
174 251
154 332
174 250
228 380
154 330
197 336
48 141
48 143
163 398
12 454
328 497
91 494
36 390
118 317
228 378
319 460
183 261
174 221
27 312
63 125
248 268
205 266
399 470
48 134
205 269
12 445
48 139
118 315
254 415
118 313
211 413
118 327
228 368
131 230
33 492
106 478
27 300
63 138
174 229
205 278
248 278
76 497
60 355
303 307
33 497
174 222
202 400
257 298
328 472
183 249
248 274
376 391
12 431
254 427
118 323
183 247
79 294
211 481
180 430
63 142
68 403
148 398
205 247
211 471
60 323
319 406
48 117
8 384
106 494
54 109
151 500
97 103
254 492
154 376
97 105
33 478
27 367
68 416
76 474
211 486
148 385
197 385
48 100
197 383
60 334
118 302
140 266
205 251
319 420
134 157
140 267
140 269
110 204
134 152
110 206
154 367
154 366
27 355
154 372
76 464
148 373
311 346
197 372
311 349
12 487
134 161
134 167
134 164
180 419
211 467
426 436
63 179
205 233
180 415
76 456
180 417
211 461
12 473
140 285
27 342
293 382
115 404
214 253
88 214
109 375
251 500
205 328
88 217
109 371
180 358
97 138
118 292
373 454
97 133
180 349
148 354
101 219
237 359
118 299
148 355
42 487
115 409
311 361
163 307
140 213
471 497
400 483
110 138
228 420
139 326
140 216
139 325
171 416
180 367
373 473
180 368
171 412
293 390
171 420
205 334
373 468
373 465
97 144
373 463
51 392
308 500
311 356
166 188
237 365
115 422
214 271
115 424
471 488
88 235
97 113
115 420
118 270
163 328
118 274
148 330
205 305
148 331
171 450
343 493
157 294
118 277
148 335
228 418
140 233
237 379
115 411
382 396
12 391
12 393
214 283
471 478
400 462
88 226
214 288
180 344
197 399
214 289
109 381
197 398
245 481
205 311
254 389
343 488
101 226
373 487
79 328
228 408
79 320
237 389
319 486
180 392
319 481
188 464
80 102
228 471
180 395
260 500
8 316
163 346
430 465
110 191
110 197
430 464
148 318
447 464
188 477
319 475
263 391
154 419
125 181
320 368
139 369
320 367
228 463
228 460
174 297
80 111
174 296
60 296
157 248
79 348
79 349
188 480
188 482
110 180
263 386
42 458
118 268
228 457
320 357
214 233
228 451
43 84
228 450
154 400
174 263
43 81
180 375
171 403
157 258
163 369
60 267
447 480
60 268
118 234
125 144
447 489
42 468
125 141
319 497
228 443
31 89
110 158
163 385
214 247
139 341
180 386
373 448
60 275
163 379
263 366
263 364
263 368
39 101
94 325
320 331
51 323
139 398
94 327
45 299
286 469
136 500
400 413
400 419
88 291
272 293
42 405
88 295
85 406
220 355
122 319
88 289
320 321
94 317
71 227
115 475
400 407
286 482
293 309
300 426
337 399
59 476
122 300
85 412
122 304
85 417
263 347
122 308
272 286
417 471
94 346
125 191
55 67
51 346
80 121
15 215
139 372
97 194
122 331
42 429
97 192
286 490
293 313
109 319
122 338
352 378
68 384
94 341
430 488
263 338
293 317
430 485
97 191
55 74
343 414
352 374
94 345
220 332
109 300
55 77
352 391
417 459
139 381
139 384
80 137
115 496
139 382
157 229
125 199
237 304
42 433
85 432
109 308
263 322
417 455
122 326
51 330
55 85
109 305
337 372
352 385
417 450
263 324
343 402
430 473
115 444
88 255
94 369
109 333
400 450
400 452
67 71
400 458
171 468
171 467
67 74
67 69
300 478
122 356
237 317
263 310
51 360
122 359
367 383
55 98
293 339
51 366
109 338
300 474
352 397
115 433
39 134
39 137
51 356
109 324
45 243
337 356
122 342
59 432
171 462
337 358
367 394
367 397
51 352
343 469
101 244
293 360
400 430
45 274
45 275
286 445
39 161
400 436
67 98
115 463
171 497
300 457
59 463
101 276
51 381
45 271
293 358
166 177
101 277
80 171
115 455
166 172
45 263
80 172
88 268
109 342
80 179
115 450
39 154
71 200
417 490
300 449
59 458
237 347
51 371
94 374
237 349
300 443
300 441
343 446
21 302
225 469
160 459
85 97
113 350
113 351
225 467
21 309
216 413
29 460
295 427
29 461
192 370
30 342
370 372
29 467
71 292
183 319
71 294
68 324
68 322
21 314
177 189
177 186
403 474
151 422
300 392
225 471
24 189
136 215
154 299
225 477
403 471
369 462
160 451
412 490
85 95
295 413
412 493
38 498
248 338
412 497
248 339
412 498
145 281
183 305
295 419
68 335
68 333
145 246
300 380
21 323
441 500
295 451
234 484
225 443
234 487
160 438
160 440
29 483
216 436
160 443
248 303
30 365
295 442
29 480
154 290
257 346
300 375
225 450
145 256
92 108
145 252
234 470
113 384
154 276
403 493
154 284
154 283
216 442
295 434
257 334
216 443
192 387
216 440
92 105
257 331
482 496
29 499
151 459
145 223
403 420
92 119
113 315
13 109
151 457
234 462
29 423
92 114
21 340
68 368
378 471
145 235
234 457
378 490
113 320
160 404
160 402
145 238
160 405
71 269
29 434
257 398
257 399
92 127
403 439
48 92
145 200
136 287
308 496
151 435
403 446
295 495
295 493
275 397
48 95
421 489
370 392
337 500
71 270
21 362
68 340
92 138
29 442
257 381
48 83
225 495
308 481
234 435
136 277
308 485
33 173
295 485
113 345
295 483
216 406
234 433
30 316
254 500
33 177
71 285
33 178
21 372
257 377
257 375
47 490
92 142
257 370
47 461
104 398
97 417
104 396
21 386
228 278
275 378
8 478
60 248
154 224
154 222
163 267
163 266
311 401
2 34
18 414
104 386
183 398
228 268
79 381
136 298
228 267
13 133
8 468
163 286
228 261
154 211
33 159
33 154
60 255
33 157
33 156
107 132
2 44
240 253
21 395
127 243
13 129
13 128
47 444
183 384
369 417
369 418
228 250
104 378
311 427
60 221
127 239
107 140
107 141
60 224
2 51
361 393
8 480
8 481
97 409
183 374
13 116
228 245
403 412
2 68
219 225
47 459
56 472
174 351
13 115
8 487
248 398
275 370
61 80
33 138
174 347
311 413
412 431
2 67
107 156
2 64
107 158
124 403
361 365
13 188
33 120
225 427
61 86
113 396
33 125
275 340
311 446
92 191
107 165
361 372
2 75
369 436
369 433
369 432
10 301
83 147
42 177
369 429
60 216
10 306
47 437
275 346
349 393
160 489
60 217
97 465
104 347
2 81
275 351
13 170
412 455
369 425
248 372
73 76
361 381
73 91
42 181
42 186
154 249
154 246
160 478
133 392
47 407
97 437
47 405
228 290
154 251
295 404
33 103
154 252
225 408
311 463
127 275
369 455
33 107
295 409
248 341
127 274
311 461
83 125
83 121
240 267
133 382
97 445
228 280
47 416
127 268
133 376
133 373
311 459
133 374
240 275
311 455
412 478
174 309
349 462
88 336
88 334
396 442
180 477
275 413
124 441
180 479
349 461
74 151
180 472
180 474
284 334
18 370
358 380
3 127
97 495
97 496
79 416
358 384
51 282
3 124
33 209
180 480
228 304
349 474
24 33
269 279
275 428
275 429
349 472
195 225
133 478
18 380
79 424
42 137
42 136
358 378
51 271
157 165
3 130
228 307
228 306
349 445
396 465
8 413
12 15
278 290
396 468
12 19
195 200
237 251
65 482
254 494
79 435
18 352
3 100
110 490
462 473
133 469
157 179
462 472
10 205
88 345
157 194
8 400
180 465
133 460
12 25
65 499
195 203
396 458
195 201
60 197
237 263
12 30
133 453
180 459
3 118
8 407
18 362
97 483
157 185
18 367
42 157
284 308
79 444
237 267
462 467
142 372
107 207
124 489
284 382
298 326
298 327
396 484
195 258
284 384
163 229
80 228
479 491
133 441
195 261
79 454
341 344
453 459
142 368
79 455
207 496
10 253
79 451
142 382
320 485
10 268
298 310
80 230
298 311
142 381
163 240
124 497
8 425
284 373
8 421
396 478
453 461
133 431
59 397
163 236
10 260
207 488
133 439
142 375
107 215
207 483
107 216
18 309
142 395
349 403
298 300
228 333
8 456
174 385
298 307
180 495
195 243
453 474
195 242
284 354
237 294
38 403
453 476
42 104
207 474
42 106
107 226
133 425
320 480
320 464
24 208
10 248
177 201
320 466
24 205
269 297
195 248
269 295
124 472
174 392
284 352
124 471
284 351
124 470
266 426
60 157
453 488
163 255
133 418
79 488
42 119
192 406
234 429
320 457
68 283
308 477
234 427
266 451
24 233
48 77
24 231
234 421
71 337
71 339
116 166
133 401
421 467
421 468
378 439
116 160
378 435
68 287
216 374
142 326
308 479
133 403
48 60
320 441
220 230
142 340
263 472
207 447
320 443
24 224
320 449
266 448
38 413
71 345
378 445
295 498
378 447
68 297
36 89
142 335
421 472
142 337
220 226
220 223
220 222
234 403
308 450
10 276
24 83
51 225
65 407
234 408
234 406
320 432
71 358
80 248
195 287
38 443
59 381
378 418
421 448
71 350
195 284
48 49
59 385
378 414
68 265
36 76
59 389
151 486
38 441
36 72
151 482
10 287
24 97
68 271
263 450
308 441
308 442
80 253
320 425
24 242
24 90
36 60
59 372
71 361
38 438
116 172
195 291
151 497
421 451
10 284
51 211
68 279
51 212
337 494
266 498
3 172
51 246
88 375
266 494
308 432
88 379
207 414
74 197
450 489
24 273
65 420
24 270
12 86
51 240
59 326
192 454
300 351
257 322
300 352
3 168
51 244
88 372
3 165
24 71
24 78
24 267
65 433
337 477
421 435
12 94
38 454
12 97
421 439
59 314
116 118
266 491
59 319
421 432
3 175
300 343
88 398
74 177
80 289
80 288
136 203
65 446
74 176
24 297
74 173
24 298
450 469
263 418
257 305
257 304
337 469
145 173
142 305
308 412
38 486
337 462
263 413
300 331
3 142
192 473
300 332
51 259
80 290
145 179
145 177
192 458
145 174
24 288
450 456
71 321
79 407
337 455
116 132
216 365
59 331
79 404
216 363
308 401
24 49
88 383
308 408
142 312
142 311
21 423
29 34
346 492
145 389
346 490
183 441
272 444
361 442
145 384
21 422
30 468
113 233
1 9
314 348
323 383
234 389
160 339
281 493
159 441
168 489
202 231
290 298
17 58
248 448
154 191
17 52
159 443
272 453
257 480
21 434
145 398
21 430
21 432
272 437
225 359
346 489
160 327
211 291
314 335
29 40
68 215
159 430
211 289
154 181
211 286
30 453
154 180
159 436
183 427
192 241
257 471
68 214
435 473
45 111
21 444
160 316
160 313
30 488
234 361
435 476
6 121
45 118
192 270
211 257
202 251
192 271
202 254
257 469
370 470
159 467
159 468
435 483
183 410
145 377
6 137
145 375
281 478
160 305
314 315
45 106
225 335
154 155
211 269
192 260
202 244
202 246
183 404
192 262
159 456
183 400
151 337
15 475
183 485
225 380
21 464
21 465
225 382
248 406
234 341
332 391
435 457
15 479
145 349
30 425
332 385
68 243
151 341
225 390
240 328
361 413
308 382
225 398
15 483
145 353
113 204
183 472
314 370
234 339
151 347
308 387
346 440
248 417
186 288
30 410
113 202
234 334
30 414
127 323
71 389
332 378
17 20
248 412
332 379
332 375
21 473
219 371
240 315
272 421
21 485
21 486
113 217
346 478
219 378
6 161
308 370
314 367
68 226
127 314
71 391
71 392
151 320
202 218
222 500
54 68
151 328
183 451
240 304
151 329
234 319
272 416
145 339
435 443
275 288
219 383
68 238
275 291
68 231
159 415
202 203
151 331
159 416
298 364
240 379
104 273
219 357
56 384
145 307
145 305
346 415
60 120
168 408
168 405
168 400
298 371
97 309
219 360
298 352
240 368
30 97
240 367
177 223
298 357
30 99
240 365
97 301
60 138
219 367
284 291
148 190
219 363
33 270
148 191
60 131
332 335
346 408
36 148
56 371
240 375
240 373
18 303
240 370
83 213
240 358
298 343
30 86
240 356
429 487
240 354
298 347
56 362
29 91
163 176
174 460
56 367
219 330
127 354
148 174
127 355
148 178
332 363
33 266
36 157
36 155
36 161
183 495
355 448
56 352
60 117
346 423
56 354
177 249
219 343
42 63
174 470
163 181
346 428
127 345
60 111
332 356
33 253
42 58
332 353
36 165
36 164
110 466
110 467
113 272
281 449
104 237
97 336
168 448
113 281
211 233
219 318
160 388
219 315
361 494
17 91
36 177
148 159
160 381
36 174
361 492
36 180
104 220
83 262
174 451
219 323
225 317
281 458
160 369
113 286
113 292
211 245
281 463
211 243
160 376
83 269
30 45
104 211
30 47
177 275
361 466
396 420
355 472
97 311
281 426
29 50
104 212
168 426
160 360
168 423
355 480
17 70
177 280
17 74
17 72
17 71
29 67
396 418
177 285
298 377
30 33
110 439
174 430
234 393
355 483
56 397
281 438
355 485
33 213
248 476
33 216
27 105
248 478
248 479
27 107
133 497
33 212
27 109
127 381
127 382
30 40
248 472
17 83
168 431
27 101
298 383
298 400
83 192
65 345
387 409
65 344
65 343
83 190
97 371
3 248
51 167
74 280
88 442
429 430
429 431
88 445
275 308
349 350
80 313
3 259
97 385
3 258
3 255
110 381
42 259
42 260
110 366
56 405
83 179
74 254
387 428
3 226
101 473
27 151
18 236
18 239
387 433
74 265
97 368
65 374
65 371
18 241
18 246
27 140
18 248
231 497
355 415
231 499
24 317
298 444
429 465
298 446
88 415
59 281
65 388
118 490
59 283
18 217
142 488
18 216
298 432
298 433
177 300
298 435
56 451
298 438
80 358
355 420
80 356
101 404
74 249
65 390
42 213
142 496
142 498
231 474
266 310
88 430
231 478
27 191
27 192
298 424
429 444
56 440
177 317
7 29
24 335
24 333
266 315
80 324
7 22
97 394
27 193
118 476
42 229
27 199
104 287
231 484
104 288
24 329
110 396
429 450
177 327
59 295
101 426
80 339
18 200
231 491
107 115
118 488
231 494
308 351
234 309
139 153
364 374
364 383
257 402
10 171
387 492
151 381
387 490
15 440
444 446
68 171
387 497
444 447
186 245
364 367
15 447
266 326
71 469
290 323
59 234
59 237
10 182
68 175
151 393
15 454
51 106
142 473
51 104
192 309
80 362
51 108
290 309
24 370
59 263
290 314
59 260
243 248
59 264
142 468
151 362
308 337
243 249
7 60
51 101
7 63
142 482
15 464
68 151
151 367
24 367
186 265
323 330
15 467
7 77
59 250
71 489
186 274
192 300
10 163
142 477
266 377
186 219
444 499
266 372
136 300
266 374
136 302
323 344
71 419
314 425
444 491
65 300
159 483
7 87
18 293
59 201
257 444
18 298
7 81
59 202
88 494
7 83
308 318
88 486
192 318
266 365
387 450
266 362
387 456
65 317
65 316
186 201
314 412
15 401
435 500
186 206
7 97
272 483
7 96
266 399
139 179
266 398
3 271
3 270
192 348
323 369
68 184
387 466
68 181
266 396
74 298
314 405
139 170
74 297
139 175
136 329
15 411
122 133
202 296
186 240
257 425
257 420
216 470
10 193
192 356
3 264
51 144
387 478
444 466
68 195
266 385
71 449
370 414
444 461
65 330
257 417
71 445
142 435
266 391
68 199
216 483
3 273
59 219
3 274
59 217
0 0 0 0 0 0 0 0 0 0 0 0 0 0 0 0 0 0 0 0 0 0 0 0 0 0 0 0 0 0 0 0 0 0 0 0 0 0 0 0 0 0 0 0 0 0 0 0 0 0 0 0 0 0 0 0 0 0 0 0 0 0 0 0 0 0 0 0 0 0 0 0 0 0 0 0 0 0 0 0 0 0 0 0 0 0 0 0 0 0 0 0 0 0 0 0 0 0 0 0 0 0 0 0 0 0 0 0 0 0 0 0 0 0 0 0 0 0 0 0 0 0 0 0 0 0 0 0 0 0 0 0 0 0 0 0 0 0 0 0 0 0 0 0 0 0 0 0 0 0 0 0 0 0 0 0 0 0 0 0 0 0 0 0 0 0 0 0 0 0 0 0 0 0 0 0 0 0 0 0 0 0 0 0 0 0 0 0 0 0 0 0 0 0 0 0 0 0 0 0 0 0 0 0 0 0 0 0 0 0 0 0 0 0 0 0 0 0 0 0 0 0 0 0 0 0 0 0 0 0 0 0 0 0 0 0 0 0 0 0 0 0 0 0 0 0 0 0 0 0 0 0 0 0 0 0 0 0 0 0 0 0 0 0 0 0 0 0 0 0 0 0 0 0 0 0 0 0 0 0 0 0 0 0 0 0 0 0 0 0 0 0 0 0 0 0 0 0 0 0 0 0 0 0 0 0 0 0 0 0 0 0 0 0 0 0 0 0 0 0 0 0 0 0 0 0 0 0 0 0 0 0 0 0 0 0 0 0 0 0 0 0 0 0 0 0 0 0 0 0 0 0 0 0 0 0 0 0 0 0 0 0 0 0 0 0 0 0 0 0 0 0 0 0 0 0 0 0 0 0 0 0 0 0 0 0 0 0 0 0 0 0 0 0 0 0 0 0 0 0 0 0 0 0 0 0 0 0 0 0 0 0 0 0 0 0 0 0 0 0 0 0 0 0 0 0 0 0 0 0 0 0 0 0 0 0 0 0 0 0 0 0 0 0 0 0 0 0 0 0 0 0 0 0 0 0 0 0 0 0 0 0 0 0 0 0 0 0 0 0 0 0 0 0 0 0 0 0 0 0 0 0 0 0 0 0 0 0 0 0 0 0 0 0 0 0 0 0 0 0 0 0 0 0 0 0 0 0 0 0 0 0 0 0 0 0 0 0 0 0 0 0 0 0 0 0 0 0 0 0 0 0 0 0 0 0 0 0 0 0 0 0 0 0 0 0 0 0 0 0 0 0 0 0 0 0 0 0 0 0 0 0 0 0 0 0 0 0 0 0 0 0 0 0 0 0 0 0 0 0 0 0 0 0 0 0 0 0 0 0 0 0 0 0 0 0 0 0 0 0 0 0 0 0 0 0 0 0 0 0 0 0 0 0 0 0 0 0 0 0 0 0 0 0 0 0 0 0 0 0 0 0 0 0 0 0 0 0 0 0 0 0 0 0 0 0 0 0 0 0 0 0 0 0 0 0 0 0 0 0 0 0 0 0 0 0 0 0 0 0 0 0 0 0 0 0 0 0 0 0 0 0 0 0 0 0 0 0 0 0 0 0 0 0 0 0 0 0 0 0 0 0 0 0 0 0 0 0 0 0 0 0 0 0 0 0 0 0 0 0 0 0 0 0 0 0 0 0 0 0 0 0 0 0 0 0 0 0 0 0 0 0 0 0 0 0 0 0 0 0 0 0 0 0 0 0 0 0 0 0 0 0 0 0 0 0 0 0 0 0 0 0 0 0 0 0 0 0 0 0 0 0 0 0 0 0 0 0 0 0 0 0 0 0 0 0 0 0 0 0 0 0 0 0 0 0 0 0 0 0 0 0 0 0 0 0 0 0 0 0 0 0 0 0 0 0 0 0 0 0 0 0 0 0 0 0 0 0 0 0 0 0 0 0 0 0 0 0 0 0 0 0 0 0 0 0 0 0 0 0 0 0 0 0 0 0 0 0 0 0 0 0 0 0 0 0 0 0 0 0 0 0 0 0 0 0 0 0 0 0 0 0 0 0 0 0 0 0 0 0 0 0 0 0 0 0 0 0 0 0 0 0 0 0 0 0 0 0 0 0 0 0 0 0 0 0 0 0 0 0 0 0 0 0 0 0 0 0 0 0 0 0 0 0 0 0 0 0 0 0 0 0 0 0 0 0 0 0 0 0 0 0 0 0 0 0 0 0 0 0 0 0 0 0 0 0 0 0 0 0 0 0 0 0 0 0 0 0 0 0 0 0 0 0 0 0 0 0 0 0 0 0 0 0 0 0 0 0 0 0 0 0 0 0 0 0 0 0 0 0 0 0 0 0 0 0 0 0 0 0 0 0 0 0 0 0 0 0 0 0 0 0 0 0 0 0 0 0 0 0 0 0 0 0 0 0 0 0 0 0 0 0 0 0 0 0 0 0 0 0 0 0 0 0 0 0 0 0 0 0 0 0 0 0 0 0 0 0 0 0 0 0 0 0 0 0 0 0 0 0 0 0 0 0 0 0 0 0 0 0 0 0 0 0 0 0 0 0 0 0 0 0 0 0 0 0 0 0 0 0 0 0 0 0 0 0 0 0 0 0 0 0 0 0 0 0 0 0 0 0 0 0 0 0 0 0 0 0 0 0 0 0 0 0 0 0 0 0 0 0 0 0 0 0 0 0 0 0 0 0 0 0 0 0 0 0 0 0 0 0 0 0 0 0 0 0 0 0 0 0 0 0 0 0 0 0 0 0 0 0 0 0 0 0 0 0 0 0 0 0 0 0 0 0 0 0 0 0 0 0 0 0 0 0 0 0 0 0 0 0 0 0 0 0 0 0 0 0 0 0 0 0 0 0 0 0 0 0 0 0 0 0 0 0 0 0 0 0 0 0 0 0 0 0 0 0 0 0 0 0 0 0 0 0 0 0 0 0 0 0 0 0 0 0 0 0 0 0 0 0 0 0 0 0 0 0 0 0 0 0 0 0 0 0 0 0 0 0 0 0 0 0 0 0 0 0 0 0 0 0 0 0 0 0 0 0 0 0 0 0 0 0 0 0 0 0 0 0 0 0 0 0 0 0 0 0 0 0 0 0 0 0 0 0 0 0 0 0 0 0 0 0 0 0 0 0 0 0 0 0 0 0 0 0 0 0 0 0 0 0 0 0 0 0 0 0 0 0 0 0 0 0 0 0 0 0 0 0 0 0 0 0 0 0 0 0 0 0 0 0 0 0 0 0 0 0 0 0 0 0 0 0 0 0 0 0 0 0 0 0 0 0 0 0 0 0 0 0 0 0 0 0 0 0 0 0 0 0 0 0 0 0 0 0 0 0 0 0 0 0 0 0 0 0 0 0 0 0 0 0 0 0 0 0 0 0 0 0 0 0 0 0 0 0 0 0 0 0 0 0 0 0 0 0 0 0 0 0 0 0 0 0 0 0 0 0 0 0 0 0 0 0 0 0 0 0 0 0 0 0 0 0 0 0 0 0 0 0 0 0 0 0 0 0 0 0 0 0 0 0 0 0 0 0 0 0 0 0 0 0 0 0 0 0 0 0 0 0 0 0 0 0 0 0 0 0 0 0 0 0 0 0 0 0 0 0 0 0 0 0 0 0 0 0 0 0 0 0 0 0 0 0 0 0 0 0 0 0 0 0 0 0 0 0 0 0 0 0 0 0 0 0 0 0 0 0 0 0 0 0 0 0 0 0 0 0 0 0 0 0 0 0 0 0 0 0 0 0 0 0 0 0 0 0 0 0 0 0 0 0 0 0 0 0 0 0 0 0 0 0 0 0 0 0 0 0 0 0 0 0 0 0 0 0 0 0 0 0 0 0 0 0 0 0 0 0 0 0 0 0 0 0 0 0 0 0 0 0 0 0 0 0 0 0 0 0 0 0 0 0 0 0 0 0 0 0 0 0 0 0 0 0 0 0 0 0 0 0 0 0 0 0 0 0 0 0 0 0 0 0 0 0 0 0 0 0 0 0 0 0 0 0 0 0 0 0 0 0 0 0 0 0 0 0 0 0 0 0 0 0 0 0 0 0 0 0 0 0 0 0 0 0 0 0 0 0 0 0 0 0 0 0 0 0 0 0 0 0 0 0 0 0 0 0 0 0 0 0 0 0 0 0 0 0 0 0 0 0 0 0 0 0 0 0 0 0 0 0 0 0 0 0 0 0 0 0 0 0 0 0 0 0 0 0 0 0 0 0 0 0 0 0 0 0 0 0 0 0 0 0 0 0 0 0 0 0 0 0 0 0 0 0 0 0 0 0 0 0 0 0 0 0 0 0 0 0 0 0 0 0 0 0 0 0 0 0 0 0 0 0 0 0 0 0 0 0 0 0 0 0 0 0 0 0 0 0 0 0 0 0 0 0 0 0 0 0 0 0 0 0 0 0 0 0 0 0 0 0 0 0 0 0 0 0 0 0 0 0 0 0 0 0 0 0 0 0 0 0 0 0 0 0 0 0 0 0 0 0 0 0 0 0 0 0 0 0 0 0 0 0 0 0 0 0 0 0 0 0 0 0 0 0 0 0 0 0 0 0 0 0 0 0 0 0 0 0 0 0 0 0 0 0 0 0 0 0 0 0 0 0 0 0 0 0 0 0 0 0 0 0 0 0 0 0 0 0 0 0 0 0 0 0 0 0 0 0 0 0 0 0 0 0 0 0 0 0 0 0 0 0 0 0 0 0 0 0 0 0 0 0 0 0 0 0 0 0 0 0 0 0 0 0 0 0 0 0 0 0 0 0 0 0 0 0 0 0 0 0 0 0 0 0 0 0 0 0 0 0 0 0 0 0 0 0 0 0 0 0 0 0 0 0 0 0 0 0 0 0 0 0 0 0 0 0 0 0 0 0 0 0 0 0 0 0 0 0 0 0 0 0 0 0 0 0 0 0 0 0 0 0 0 0 0 0 0 0 0 0 0 0 0 0 0 0 0 0 0 0 0 0 0 0 0 0 0 0 0 0 0 0 0 0 0 0 0 0 0 0 0 0 0 0 0 0 0 0 0 0 0 0 0 0 0 0 0 0 0 0 0 0 0 0 0 0 0 0 0 0 0 0 0 0 0 0 0 0 0 0 0 0 0 0 0 0 0 0 0 0 0 0 0 0 0 0 0 0 0 0 0 0 0 0 0 0 0 0 0 0 0 0 0 0 0 0 0 0 0 0 0 0 0 0 0 0 0 0 0 0 0 0 0 0 0 0 0 0 0 0 0 0 0 0 0 0 0 0 0 0 0 0 0 0 0 0 0 0 0 0 0 0 0 0 0 0 0 0 0 0 0 0 0 0 0 0 0 0 0 0 0 0 0 0 0 0 0 0 0 0 0 0 0 0 0 0 0 0 0 0 0 0 0 0 0 0 0 0 0 0 0 0 0 0 0 0 0 0 0 0 0 0 0 0 0 0 0 0 0 0 0 0 0 0 0 0 0 0 0 0 0 0 0 0 0 0 0 0 0 0 0 0 0 0 0 0 0 0 0 0 0 0 0 0 0 0 0 0 0 0 0 0 0 0 0 0 0 0 0 0 0 0 0 0 0 0 0 0 0 0 0 0 0 0 0 0 0 0 0 0 0 0 0 0 0 0 0 0 0 0 0 0 0 0 0 0 0 0 0 0 0 0 0 0 0 0 0 0 0 0 0 0 0 0 0 0 0 0 0 0 0 0 0 0 0 0 0 0 0 0 0 0 0 0 0 0 0 0 0 0 0 0 0 0 0 0 0 0 0 0 0 0 0 0 0 0 0 0 0 0 0 0 0 0 0 0 0 0 0 0 0 0 0 0 0 0 0 0 0 0 0 0 0 0 0 0 0 0 0 0 0 0 0 0 0 0 0 0 0 0 0 0 0 0 0 0 0 0 0 0 0 0 0 0 0 0 0 0 0 0 0 0 0 0 0 0 0 0 0 0 0 0 0 0 0 0 0 0 0 0 0 0 0 0 0 0 0 0 0 0 0 0 0 0 0 0 0 0 0 0 0 0 0 0 0 0 0 0 0 0 0 0 0 0 0 0 0 0 0 0 0 0 0 0 0 0 0 0 0 0 0 0 0 0 0 0 0 0 0 0 0 0 0 0 0 0 0 0 0 0 0 0 0 0 0 0 0 0 0 0 0 0 0 0 0 0 0 0 0 0 0 0 0 0 0 0 0 0 0 0 0 0 0 0 0 0 0 0 0 0 0 0 0 0 0 0 0 0 0 0 0 0 0 0 0 0 0 0 0 0 0 0 0 0 0 0 0 0 0 0 0 0 0 0 0 0 0 0 0 0 0 0 0 0 0 0 0 0 0 0 0 0 0 0 0 0 0 0 0 0 0 0 0 0 0 0 0 0 0 0 0 0 0 0 0 0 0 0 0 0 0 0 0 0 0 0 0 0 0 0 0 0 0 0 0 0 0 0 0 0 0 0 0 0 0 0 0 0 0 0 0 0 0 0 0 0 0 0 0 0 0 0 0 0 0 0 0 0 0 0 0 0 0 0 0 0 0 0 0 0 0 0 0 0 0 0 0 0 0 0 0 0 0 0 0 0 0 0 0 0 0 0 0 0 0 0 0 0 0 0 0 0 0 0 0 0 0 0 0 0 0 0 0 0 0 0 0 0 0 0 0 0 0 0 0 0 0 0 0 0 0 0 0 0 0 0 0 0 0 0 0 0 0 0 0 0 0 0 0 0 0 0 0 0 0 0 0 0 0 0 0 0 0 0 0 0 0 0 0 0 0 0 0 0 0 0 0 0 0 0 0 0 0 0 0 0 0 0 0 0 0 0 0 0 0 0 0 0 0 0 0 0 0 0 0 0 0 0 0 0 0 0 0 0 0 0 0 0 0 0 0 0 0 0 0 0 0 0 0 0 0 0 0 0 0 0 0 0 0 0 0 0 0 0 0 0 0 0 0 0 0 0 0 0 0 0 0 0 0 0 0 0 0 0 0 0 0 0 0 0 0 0 0 0 0 0 0 0 0 0 0 0 0 0 0 0 0 0 0 0 0 0 0 0 0 0 0 0 0 0 0 0 0 0 0 0 0 0 0 0 0 0 0 0 0 0 0 0 0 0 0 0 0 0 0 0 0 0 0 0 0 0 0 0 0 0 0 0 0 0 0 0 0 0 0 0 0 0 0 0 0 0 0 0 0 0 0 0 0 0 0 0 0 0 0 0 0 0 0 0 0 0 0 0 0 0 0 0 0 0 0 0 0 0 0 0 0 0 0 0 0 0 0 0 0 0 0 0 0 0 0 0 0 0 0 0 0 0 0 0 0 0 0 0 0 0 0 0 0 0 0 0 0 0 0 0 0 0 0 0 0 0 0 0 0 0 0 0 0 0 0 0 0 0 0 0 0 0 0 0 0 0 0 0 0 0 0 0 0 0 0 0 0 0 0 0 0 0 0 0 0 0 0 0 0 0 0 0 0 0 0 0 0 0 0 0 0 0 0 0 0 0 0 0 0 0 0 0 0 0 0 0 0 0 0 0 0 0 0 0 0 0 0 0 0 0 0 0 0 0 0 0 0 0 0 0 0 0 0 0 0 0 0 0 0 0 0 0 0 0 0 0 0 0 0 0 0 0 0 0 0 0 0 0 0 0 0 0 0 0 0 0 0 0 0 0 0 0 0 0 0 0 0 0 0 0 0 0 0 0 0 0 0 0 0 0 0 0 0 0 0 0 0 0 0 0 0 0 0 0 0 0 0 0 0 0 0 0 0 0 0 0 0 0 0 0 0 0 0 0 0 0 0 0 0 0 0 0 0 0 0 0 0 0 0 0 0 0 0 0 0 0 0 0 0 0 0 0 0 0 0 0 0 0 0 0 0 0 0 0 0 0 0 0 0 0 0 0 0 0 0 0 0 0 0 0 0 0 0 0 0 0 0 0 0 0 0 0 0 0 0 0 0 0 0 0 0 0 0 0 0 0 0 0 0 0 0 0 0 0 0 0 0 0 0 0 0 0 0 0 0 0 0 0 0 0 0 0 0 0 0 0 0 0 0 0 0 0 0 0 0 0 0 0 0 0 0 0 0 0 0 0 0 0 0 0 0 0 0 0 0 0 0 0 0 0 0 0 0 0 0 0 0 0 0 0 0 0 0 0 0 0 0 0 0 0 0 0 0 0 0 0 0 0 0 0 0 0 0 0 0 0 0 0 0 0 0 0 0 0 0 0 0 0 0 0 0 0 0 0 0 0 0 0 0 0 0 0 0 0 0 0 0 0 0 0 0 0 0 0 0 0 0 0 0 0 0 0 0 0 0 0 0 0 0 0 0 0 0 0 0 0 0 0 0 0 0 0 0 0 0 0 0 0 0 0 0 0 0 0 0 0 0 0 0 0 0 0 0 0 0 0 0 0 0 0 0 0 0 0 0 0 0 0 0 0 0 0 0 0 0 0 0 0 0 0 0 0 0 0 0 0 0 0 0 0 0 0 0 0 0 0 0 0 0 0 0 0 0 0 0 0 0 0 0 0 0 0 0 0 0 0 0 0 0 0 0 0 0 0 0 0 0 0 0 0 0 0 0 0 0 0 0 0 0 0 0 0 0 0 0 0 0 0 0 0 0 0 0 0 0 0 0 0 0 0 0 0 0 0 0 0 0 0 0 0 0 0 0 0 0 0 0 0 0 0 0 0 0 0 0 0 0 0 0 0 0 0 0 0 0 0 0 0 0 0 0 0 0 0 0 0 0 0 0 0 0 0 0 0 0 0 0 0 0 0 0 0 0 0 0 0 0 0 0 0 0 0 0 0 0 0 0 0 0 0 0 0 0 0 0 0 0 0 0 0 0 0 0 0 0 0 0 0 0 0 0 0 0 0 0 0 0 0 0 0 0 0 0 0 0 0 0 0 0 0 0 0 0 0 0 0 0 0 0 0 0 0 0 0 0 0 0 0 0 0 0 0 0 0 0 0 0 0 0 0 0 0 0 0 0 0 0 0 0 0 0 0 0 0 0 0 0 0 0 0 0 0 0 0 0 0 0 0 0 0 0 0 0 0 0 0 0 0 0 0 0 0 0 0 0 0 0 0 0 0 0 0 0 0 0 0 0 0 0 0 0 0 0 0 0 0 0 0 0 0 0 0 0 0 0 0 0 0 0 0 0 0 0 0 0 0 0 0 0 0 0 0 0 0 0 0 0 0 0 0 0 0 0 0 0 0 0 0 0 0 0 0 0 0 0 0 0 0 0 0 0 0 0 0 0 0 0 0 0 0 0 0 0 0 0 0 0 0 0 0 0 0 0 0 0 0 0 0 0 0 0 0 0 0 0 0 0 0 0 0 0 0 0 0 0 0 0 0 0 0 0 0 0 0 0 0 0 0 0 0 0 0 0 0 0 0 0 0 0 0 0 0 0 0 0 0 0 0 0 0 0 0 0 0 0 0 0 0 0 0 0 0 0 0 0 0 0 0 0 0 0 0 0 0 0 0 0 0 0 0 0 0 0 0 0 0 0 0 0 0 0 0 0 0 0 0 0 0 0 0 0 0 0 0 0 0 0 0 0 0 0 0 0 0 0 0 0 0 0 0 0 0 0 0 0 0 0 0 0 0 0 0 0 0 0 0 0 0 0 0 0 0 0 0 0 0 0 0 0 0 0 0 0 0 0 0 0 0 0 0 0 0 0 0 0 0 0 0 0 0 0 0 0 0 0 0 0 0 0 0 0 0 0 0 0 0 0 0 0 0 0 0 0 0 0 0 0 0 0 0 0 0 0 0 0 0 0 0 0 0 0 0 0 0 0 0 0 0 0 0 0 0 0 0 0 0 0 0 0 0 0 0 0 0 0 0 0 0 0 0 0 0 0 0 0 0 0 0 0 0 0 0 0 0 0 0 0 0 0 0 0 0 0 0 0 0 0 0 0 0 0 0 0 0 0 0 0 0 0 0 0 0 0 0 0 0 0 0 0 0 0 0 0 0 0 0 0 0 0 0 0 0 0 0 0 0 0 0 0 0 0 0 0 0 0 0 0 0 0 0 0 0 0 0 0 0 0 0 0 0 0 0 0 0 0 0 0 0 0 0 0 0 0 0 0 0 0 0 0 0 0 0 0 0 0 0 0 0 0 0 0 0 0 0 0 0 0 0 0 0 0 0 0 0 0 0 0 0 0 0 0 0 0 0 0 0 0 0 0 0 0 0 0 0 0 0 0 0 0 0 0 0 0 0 0 0 0 0 0 0 0 0 0 0 0 0 0 0 0 0 0 0 0 0 0 0 0 0 0 0 0 0 0 0 0 0 0 0 0 0 0 0 0 0 0 0 0 0 0 0 0 0 0 0 0 0 0 0 0 0 0 0 0 0 0 0 0 0 0 0 0 0 0 0 0 0 0 0 0 0 0 0 0 0 0 0 0 0 0 0 0 0 0 0 0 0 0 0 0 0 0 0 0 0 0 0 0 0 0 0 0 0 0 0 0 0 0 0 0 0 0 0 0 0 0 0 0 0 0 0 0 0 0 0 0 0 0 0 0 0 0 0 0 0 0 0 0 0 0 0 0 0 0 0 0 0 0 0 0 0 0 0 0 0 0 0 0 0 0 0 0 0 0 0 0 0 0 0 0 0 0 0 0 0 0 0 0 0 0 0 0 0 0 0 0 0 0 0 0 0 0 0 0 0 0 0 0 0 0 0 0 0 0 0 0 0 0 0 0 0 0 0 0 0 0 0 0 0 0 0 0 0 0 0 0 0 0 0 0 0 0 0 0 0 0 0 0 0 0 0 0 0 0 0 0 0 0 0 0 0 0 0 0 0 0 0 0 0 0 0 0 0 0 0 0 0 0 0 0 0 0 0 0 0 0 0 0 0 0 0 0 0 0 0 0 0 0 0 0 0 0 0 0 0 0 0 0 0 0 0 0 0 0 0 0 0 0 0 0 0 0 0 0 0 0 0 0 0 0 0 0 0 0 0 0 0 0 0 0 0 0 0 0 0 0 0 0 0 0 0 0 0 0 0 0 0 0 0 0 0 0 0 0 0 0 0 0 0 0 0 0 0 0 0 0 0 0 0 0 0 0 0 0 0 0 0 0 0 0 0 0 0 0 0 0 0 0 0 0 0 0 0 0 0 0 0 0 0 0 0 0 0 0 0 0 0 0 0 0 0 0 0 0 0 0 0 0 0 0 0 0 0 0 0 0 0 0 0 0 0 0 0 0 0 0 0 0 0 0 0 0 0 0 0 0 0 0 0 0 0 0 0 0 0 0 0 0 0 0 0 0 0 0 0 0 0 0 0 0 0 0 0 0 0 0 0 0 0 0 0 0 0 0 0 0 0 0 0 0 0 0 0 0 0 0 0 0 0 0 0 0 0 0 0 0 0 0 0 0 0 0 0 0 0 0 0 0 0 0 0 0 0 0 0 0 0 0 0 0 0 0 0 0 0 0 0 0 0 0 0 0 0 0 0 0 0 0 0 0 0 0 0 0 0 0 0 0 0 0 0 0 0 0 0 0 0 0 0 0 0 0 0 0 0 0 0 0 0 0 0 0 0 0 0 0 0 0 0 0 0 0 0 0 0 0 0 0 0 0 0 0 0 0 0 0 0 0 0 0 0 0 0 0 0 0 0 0 0 0 0 0 0 0 0 0 0 0 0 0 0 0 0 0 0 0 0 0 0 0 0 0 0 0 0 0 0 0 0 0 0 0 0 0 0 0 0 0 0 0 0 0 0 0 0 0 0 0 0 0 0 0 0 0 0 0 0 0 0 0 0 0 0 0 0 0 0 0 0 0 0 0 0 0 0 0 0 0 0 0 0 0 0 0 0 0 0 0 0 0 0 0 0 0 0 0 0 0 0 0 0 0 0 0 0 0 0 0 0 0 0 0 0 0 0 0 0 0 0 0 0 0 0 0 0 0 0 0 0 0 0 0 0 0 0 0 0 0 0 0 0 0 0 0 0 0 0 0 0 0 0 0 0 0 0 0 0 0 0 0 0 0 0 0 0 0 0 0 0 0 0 0 0 0 0 0 0 0 0 0 0 0 0 0 0 0 0 0 0 0 0 0 0 0 0 0 0 0 0 0 0 0 0 0 0 0 0 0 0 0 0 0 0 0 0 0 0 0 0 0 0 0 0 0 0 0 0 0 0 0 0 0 0 0 0 0 0 0 0 0 0 0 0 0 0 0 0 0 0 0 0 0 0 0 0 0 0 0 0 0 0 0 0 0 0 0 0 0 0 0 0 0 0 0 0 0 0 0 0 0 0 0 0 0 0 0 0 0 0 0 0 0 0 0 0 0 0 0 0 0 0 0 0 0 0 0 0 0 0 0 0 0 0 0 0 0 0 0 0 0 0 0 0 0 0 0 0 0 0 0 0 0 0 0 0 0 0 0 0 0 0 0 0 0 0 0 0 0 0 0 0 0 0 0 0 0 0 0 0 0 0 0 0 0 0 0 0 0 0 0 0 0 0 0 0 0 0 0 0 0 0 0 0 0 0 0 0 0 0 0 0 0 0 0 0 0 0 0 0 0 0 0 0 0 0 0 0 0 0 0 0 0 0 0 0 0 0 0 0 0 0 0 0 0 0 0 0 0 0 0 0 0 0 0 0 0 0 0 0 0 0 0 0 0 0 0 0 0 0 0 0 0 0 0 0 0 0 0 0 0 0 0 0 0 0 0 0 0 0 0 0 0 0 0 0 0 0 0 0 0 0 0 0 0 0 0 0 0 0 0 0 0 0 0 0 0 0 0 0 0 0 0 0 0 0 0 0 0 0 0 0 0 0 0 0 0 0 0 0 0 0 0 0 0 0 0 0 0 0 0 0 0 0 0 0 0 0 0 0 0 0 0 0 0 0 0 0 0 0 0 0 0 0 0 0 0 0 0 0 0 0 0 0 0 0 0 0 0 0 0 0 0 0 0 0 0 0 0 0 0 0 0 0 0 0 0 0 0 0 0 0 0 0 0 0 0 0 0 0 0 0 0 0 0 0 0 0 0 0 0 0 0 0 0 0 0 0 0 0 0 0 0 0 0 0 0 0 0 0 0 0 0 0 0 0 0 0 0 0 0 0 0 0 0 0 0 0 0 0 0 0 0 0 0 0 0 0 0 0 0 0 0 0 0 0 0 0 0 0 0 0 0 0 0 0 0 0 0 0 0 0 0 0 0 0 0 0 0 0 0 0 0 0 0 0 0 0 0 0 0 0 0 0 0 0 0 0 0 0 0 0 0 0 0 0 0 0 0 0 0 0 0 0 0 0 0 0 0 0 0 0 0 0 0 0 0 0 0 0 0 0 0 0 0 0 0 0 0 0 0 0 0 0 0 0 0 0 0 0 0 0 0 0 0 0 0 0 0 0 0 0 0 0 0 0 0 0 0 0 0 0 0 0 0 0 0 0 0 0 0 0 0 0 0 0 0 0 0 0 0 0 0 0 0 0 0 0 0 0 0 0 0 0 0 0 0 0 0 0 0 0 0 0 0 0 0 0 0 0 0 0 0 0 0 0 0 0 0 0 0 0 0 0 0 0 0 0 0 0 0 0 0 0 0 0 0 0 0 0 0 0 0 0 0 0 0 0 0 0 0 0 0 0 0 0 0 0 0 0 0 0 0 0 0 0 0 0 0 0 0 0 0 0 0 0 0 0 0 0 0 0 0 0 0 0 0 0 0 0 0 0 0 0 0 0 0 0 0 0 0 0 0 0 0 0 0 0 0 0 0 0 0 0 0 0 0 0 0 0 0 0 0 0 0 0 0 0 0 0 0 0 0 0 0 0 0 0 0 0 0 0 0 0 0 0 0 0 0 0 0 0 0 0 0 0 0 0 0 0 0 0 0 0 0 0 0 0 0 0 0 0 0 0 0 0 0 0 0 0 0 0 0 0 0 0 0 0 0 0 0 0 0 0 0 0 0 0 0 0 0 0 0 0 0 0 0 0 0 0 0 0 0 0 0 0 0 0 0 0 0 0 0 0 0 0 0 0 0 0 0 0 0 0 0 0 0 0 0 0 0 0 0 0 0 0 0 0 0 0 0 0 0 0 0 0 0 0 0 0 0 0 0 0 0 0 0 0 0 0 0 0 0 0 0 0 0 0 0 0 0 0 0 0 0 0 0 0 0 0 0 0 0 0 0 0 0 0 0 0 0 0 0 0 0 0 0 0 0 0 0 0 0 0 0 0 0 0 0 0 0 0 0 0 0 0 0 0 0 0 0 0 0 0 0 0 0 0 0 0 0 0 0 0 0 0 0 0 0 0 0 0 0 0 0 0 0 0 0 0 0 0 0 0 0 0 0 0 0 0 0 0 0 0 0 0 0 0 0 0 0 0 0 0 0 0 0 0 0 0 0 0 0 0 0 0 0 0 0 0 0 0 0 0 0 0 0 0 0 0 0 0 0 0 0 0 0 0 0 0 0 0 0 0 0 0 0 0 0 0 0 0 0 0 0 0 0 0 0 0 0 0 0 0 0 0 0 0 0 0 0 0 0 0 0 0 0 0 0 0 0 0 0 0 0 0 0 0 0 0 0 0 0 0 0 0 0 0 0 0 0 0 0 0 0 0 0 0 0 0 0 0 0 0 0 0 0 0 0 0 0 0 0 0 0 0 0 0 0 0 0 0 0 0 0 0 0 0 0 0 0 0 0 0 0 0 0 0 0 0 0 0 0 0 0 0 0 0 0 0 0 0 0 0 0 0 0 0 0 0 0 0 0 0 0 0 0 0 0 0 0 0 0 0 0 0 0 0 0 0 0 0 0 0 0 0 0 0 0 0 0 0 0 0 0 0 0 0 0 0 0 0 0 0 0 0 0 0 0 0 0 0 0 0 0 0 0 0 0 0 0 0 0 0 0 0 0 0 0 0 0 0 0 0 0 0 0 0 0 0 0 0 0 0 0 0 0 0 0 0 0 0 0 0 0 0 0 0 0 0 0 0 0 0 0 0 0 0 0 0 0 0 0 0 0 0 0 0 0 0 0 0 0 0 0 0 0 0 0 0 0 0 0 0 0 0 0 0 0 0 0 0 0 0 0 0 0 0 0 0 0 0 0 0 0 0 0 0 0 0 0 0 0 0 0 0 0 0 0 0 0 0 0 0 0 0 0 0 0 0 0 0 0 0 0 0 0 0 0 0 0 0 0 0 0 0 0 0 0 0 0 0 0 0 0 0 0 0 0 0 0 0 0 0 0 0 0 0 0 0 0 0 0 0 0 0 0 0 0 0 0 0 0 0 0 0 0 0 0 0 0 0 0 0 0 0 0 0 0 0 0 0 0 0 0 0 0 0 0 0 0 0 0 0 0 0 0 0 0 0 0 0 0 0 0 0 0 0 0 0 0 0 0 0 0 0 0 0 0 0 0 0 0 0 0 0 0 0 0 0 0 0 0 0 0 0 0 0 0 0 0 0 0 0 0 0 0 0 0 0 0 0 0 0 0 0 0 0 0 0 0 0 0 0 0 0 0 0 0 0 0 0 0 0 0 0 0 0 0 0 0 0 0 0 0 0 0 0 0 0 0 0 0 0 0 0 0 0 0 0 0 0 0 0 0 0 0 0 0 0 0 0 0 0 0 0 0 0 0 0 0 0 0 0 0 0 0 0 0 0 0 0 0 0 0 0 0 0 0 0 0 0 0 0 0 0 0 0 0 0 0 0 0 0 0 0 0 0 0 0 0 0 0 0 0 0 0 0 0 0 0 0 0 0 0 0 0 0 0 0 0 0 0 0 0 0 0 0 0 0 0 0 0 0 0 0 0 0 0 0 0 0 0 0 0 0 0 0 0 0 0 0 0 0 0 0 0 0 0 0 0 0 0 0 0 0 0 0 0 0 0 0 0 0 0 0 0 0 0 0 0 0 0 0 0 0 0 0 0 0 0 0 0 0 0 0 0 0 0 0 0 0 0 0 0 0 0 0 0 0 0 0 0 0 0 0 0 0 0 0 0 0 0 0 0 0 0 0 0 0 0 0 0 0 0 0 0 0 0 0 0 0 0 0 0 0 0 0 0 0 0 0 0 0 0 0 0 0 0 0 0 0 0 0 0 0 0 0 0 0 0 0 0 0 0 0 0 0 0 0 0 0 0 0 0 0 0 0 0 0 0 0 0 0 0 0 0 0 0 0 0 0 0 0 0 0 0 0 0 0 0 0 0 0 0 0 0 0 0 0 0 0 0 0 0 0 0 0 0 0 0 0 0 0 0 0 0 0 0 0 0 0 0 0 0 0 0 0 0 0 0 0 0 0 0 0 0 0 0 0 0 0 0 0 0 0 0 0 0 0 0 0 0 0 0 0 0 0 0 0 0 0 0 0 0 0 0 0 0 0 0 0 0 0 0 0 0 0 0 0 0 0 0 0 0 0 0 0 0 0 0 0 0 0 0 0 0 0 0 0 0 0 0 0 0 0 0 0 0 0 0 0 0 0 0 0 0 0 0 0 0 0 0 0 0 0 0 0 0 0 0 0 0 0 0 0 0 0 0 0 0 0 0 0 0 0 0 0 0 0 0 0 0 0 0 0 0 0 0 0 0 0 0 0 0 0 0 0 0 0 0 0 0 0 0 0 0 0 0 0 0 0 0 0 0 0 0 0 0 0 0 0 0 0 0 0 0 0 0 0 0 0 0 0 0 0 0 0 0 0 0 0 0 0 0 0 0 0 0 0 0 0 0 0 0 0 0 0 0 0 0 0 0 0 0 0 0 0 0 0 0 0 0 0 0 0 0 0 0 0 0 0 0 0 0 0 0 0 0 0 0 0 0 0 0 0 0 0 0 0 0 0 0 0 0 0 0 0 0 0 0 0 0 0 0 0 0 0 0 0 0 0 0 0 0 0 0 0 0 0 0 0 0 0 0 0 0 0 0 0 0 0 0 0 0 0 0 0 0 0 0 0 0 0 0 0 0 0 0 0 0 0 0 0 0 0 0 0 0 0 0 0 0 0 0 0 0 0 0 0 0 0 0 0 0 0 0 0 0 0 0 0 0 0 0 0 0 0 0 0 0 0 0 0 0 0 0 0 0 0 0 0 0 0 0 0 0 0 0 0 0 0 0 0 0 0 0 0 0 0 0 0 0 0 0 0 0 0 0 0 0 0 0 0 0 0 0 0 0 0 0 0 0 0 0 0 0 0 0 0 0 0 0 0 0 0 0 0 0 0 0 0 0 0 0 0 0 0 0 0 0 0 0 0 0 0 0 0 0 0 0 0 0 0 0 0 0 0 0 0 0 0 0 0 0 0 0 0 0 0 0 0 0 0 0 0 0 0 0 0 0 0 0 0 0 0 0 0 0 0 0 0 0 0 0 0 0 0 0 0 0 0 0 0 0 0 0 0 0 0 0 0 0 0 0 0 0 0 0 0 0 0 0 0 0 0 0 0 0 0 0 0 0 0 0 0 0 0 0 0 0 0 0 0 0 0 0 0 0 0 0 0 0 0 0 0 0 0 0 0 0 0 0 0 0 0 0 0 0 0 0 0 0 0 0 0 0 0 0 0 0 0 0 0 0 0 0 0 0 0 0 0 0 0 0 0 0 0 0 0 0 0 0 0 0 0 0 0 0 0 0 0 0 0 0 0 0 0 0 0 0 0 0 0 0 0 0 0 0 0 0 0 0 0 0 0 0 0 0 0 0 0 0 0 0 0 0 0 0 0 0 0 0 0 0 0 0 0 0 0 0 0 0 0 0 0 0 0 0 0 0 0 0 0 0 0 0 0 0 0 0 0 0 0 0 0 0 0 0 0 0 0 0 0 0 0 0 0 0 0 0 0 0 0 0 0 0 0 0 0 0 0 0 0 0 0 0 0 0 0 0 0 0 0 0 0 0 0 0 0 0 0 0 0 0 0 0 0 0 0 0 0 0 0 0 0 0 0 0 0 0 0 0 0 0 0 0 0 0 0 0 0 0 0 0 0 0 0 0 0 0 0 0 0 0 0 0 0 0 0 0 0 0 0 0 0 0 0 0 0 0 0 0 0 0 0 0 0 0 0 0 0 0 0 0 0 0 0 0 0 0 0 0 0 0 0 0 0 0 0 0 0 0 0 0 0 0 0 0 0 0 0 0 0 0 0 0 0 0 0 0 0 0 0 0 0 0 0 0 0 0 0 0 0 0 0 0 0 0 0 0 0 0 0 0 0 0 0 0 0 0 0 0 0 0 0 0 0 0 0 0 0 0 0 0 0 0 0 0 0 0 0 0 0 0 0 0 0 0 0 0 0 0 0 0 0 0 0 0 0 0 0 0 0 0 0 0 0 0 0 0 0 0 0 0 0 0 0 0 0 0 0 0 0 0 0 0 0 0 0 0 0 0 0 0 0 0 0 0 0 0 0 0 0 0 0 0 0 0 0 0 0 0 0 0 0 0 0 0 0 0 0 0 0 0 0 0 0 0 0 0 0 0 0 0 0 0 0 0 0 0 0 0 0 0 0 0 0 0 0 0 0 0 0 0 0 0 0 0 0 0 0 0 0 0 0 0 0 0 0 0 0 0 0 0 0 0 0 0 0 0 0 0 0 0 0 0 0 0 0 0 0 0 0 0 0 0 0 0 0 0 0 0 0 0 0 0 0 0 0 0 0 0 0 0 0 0 0 0 0 0 0 0 0 0 0 0 0 0 0 0 0 0 0 0 0 0 0 0 0 0 0 0 0 0 0 0 0 0 0 0 0 0 0 0 0 0 0 0 0 0 0 0 0 0 0 0 0 0 0 0 0 0 0 0 0 0 0 0 0 0 0 0 0 0 0 0 0 0 0 0 0 0 0 0 0 0 0 0 0 0 0 0 0 0 0 0 0 0 0 0 0 0 0 0 0 0 0 0 0 0 0 0 0 0 0 0 0 0 0 0 0 0 0 0 0 0 0 0 0 0 0 0 0 0 0 0 0 0 0 0 0 0 0 0 0 0 0 0 0 0 0 0 0 0 0 0 0 0 0 0 0 0 0 0 0 0 0 0 0 0 0 0 0 0 0 0 0 0 0 0 0 0 0 0 0 0 0 0 0 0 0 0 0 0 0 0 0 0 0 0 0 0 0 0 0 0 0 0 0 0 0 0 0 0 0 0 0 0 0 0 0 0 0 0 0 0 0 0 0 0 0 0 0 0 0 0 0 0 0 0 0 0 0 0 0 0 0 0 0 0 0 0 0 0 0 0 0 0 0 0 0 0 0 0 0 0 0 0 0 0 0 0 0 0 0 0 0 0 0 0 0 0 0 0 0 0 0 0 0 0 0 0 0 0 0 0 0 0 0 0 0 0 0 0 0 0 0 0 0 0 0 0 0 0 0 0 0 0 0 0 0 0 0 0 0 0 0 0 0 0 0 0 0 0 0 0 0 0 0 0 0 0 0 0 0 0 0 0 0 0 0 0 0 0 0 0 0 0 0 0 0 0 0 0 0 0 0 0 0 0 0 0 0 0 0 0 0 0 0 0 0 0 0 0 0 0 0 0 0 0 0 0 0 0 0 0 0 0 0 0 0 0 0 0 0 0 0 0 0 0 0 0 0 0 0 0 0 0 0 0 0 0 0 0 0 0 0 0 0 0 0 0 0 0 0 0 0 0 0 0 0 0 0 0 0 0 0 0 0 0 0 0 0 0 0 0 0 0 0 0 0 0 0 0 0 0 0 0 0 0 0 0 0 0 0 0 0 0 0 0 0 0 0 0 0 0 0 0 0 0 0 0 0 0 0 0 0 0 0 0 0 0 0 0 0 0 0 0 0 0 0 0 0 0 0 0 0 0 0 0 0 0 0 0 0 0 0 0 0 0 0 0 0 0 0 0 0 0 0 0 0 0 0 0 0 0 0 0 0 0 0 0 0 0 0 0 0 0 0 0 0 0 0 0 0 0 0 0 0 0 0 0 0 0 0 0 0 0 0 0 0 0 0 0 0 0 0 0 0 0 0 0 0 0 0 0 0 0 0 0 0 0 0 0 0 0 0 0 0 0 0 0 0 0 0 0 0 0 0 0 0 0 0 0 0 0 0 0 0 0 0 0 0 0 0 0 0 0 0 0 0 0 0 0 0 0 0 0 0 0 0 0 0 0 0 0 0 0 0 0 0 0 0 0 0 0 0 0 0 0 0 0 0 0 0 0 0 0 0 0 0 0 0 0 0 0 0 0 0 0 0 0 0 0 0 0 0 0 0 0 0 0 0 0 0 0 0 0 0 0 0 0 0 0 0 0 0 0 0 0 0 0 0 0 0 0 0 0 0 0 0 0 0 0 0 0 0 0 0 0 0 0 0 0 0 0 0 0 0 0 0 0 0 0 0 0 0 0 0 0 0 0 0 0 0 0 0 0 0 0 0 0 0 0 0 0 0 0 0 0 0 0 0 0 0 0 0 0 0 0 0 0 0 0 0 0 0 0 0 0 0 0 0 0 0 0 0 0 0 0 0 0 0 0 0 0 0 0 0 0 0 0 0 0 0 0 0 0 0 0 0 0 0 0 0 0 0 0 0 0 0 0 0 0 0 0 0 0 0 0 0 0 0 0 0 0 0 0 0 0 0 0 0 0 0 0 0 0 0 0 0 0 0 0 0 0 0 0 0 0 0 0 0 0 0 0 0 0 0 0 0 0 0 0 0 0 0 0 0 0 0 0 0 0 0 0 0 0 0 0 0 0 0 0 0 0 0 0 0 0 0 0 0 0 0 0 0 0 0 0 0 0 0 0 0 0 0 0 0 0 0 0 0 0 0 0 0 0 0 0 0 0 0 0 0 0 0 0 0 0 0 0 0 0 0 0 0 0 0 0 0 0 0 0 0 0 0 0 0 0 0 0 0 0 0 0 0 0 0 0 0 0 0 0 0 0 0 0 0 0 0 0 0 0 0 0 0 0 0 0 0 0 0 0 0 0 0 0 0 0 0 0 0 0 0 0 0 0 0 0 0 0 0 0 0 0 0 0 0 0 0 0 0 0 0 0 0 0 0 0 0 0 0 0 0 0 0 0 0 0 0 0 0 0 0 0 0 0 0 0 0 0 0 0 0 0 0 0 0 0 0 0 0 0 0 0 0 0 0 0 0 0 0 0 0 0 0 0 0 0 0 0 0 0 0 0 0 0 0 0 0 0 0 0 0 0 0 0 0 0 0 0 0 0 0 0 0 0 0 0 0 0 0 0 0 0 0 0 0 0 0 0 0 0 0 0 0 0 0 0 0 0 0 0 0 0 0 0 0 0 0 0 0 0 0 0 0 0 0 0 0 0 0 0 0 0 0 0 0 0 0 0 0 0 0 0 0 0 0 0 0 0 0 0 0 0 0 0 0 0 0 0 0 0 0 0 0 0 0 0 0 0 0 0 0 0 0 0 0 0 0 0 0 0 0 0 0 0 0 0 0 0 0 0 0 0 0 0 0 0 0 0 0 0 0 0 0 0 0 0 0 0 0 0 0 0 0 0 0 0 0 0 0 0 0 0 0 0 0 0 0 0 0 0 0 0 0 0 0 0 0 0 0 0 0 0 0 0 0 0 0 0 0 0 0 0 0 0 0 0 0 0 0 0 0 0 0 0 0 0 0 0 0 0 0 0 0 0 0 0 0 0 0 0 0 0 0 0 0 0 0 0 0 0 0 0 0 0 0 0 0 0 0 0 0 0 0 0 0 0 0 0 0 0 0 0 0 0 0 0 0 0 0 0 0 0 0 0 0 0 0 0 0 0 0 0 0 0 0 0 0 0 0 0 0 0 0 0 0 0 0 0 0 0 0 0 0 0 0 0 0 0 0 0 0 0 0 0 0 0 0 0 0 0 0 0 0 0 0 0 0 0 0 0 0 0 0 0 0 0 0 0 0 0 0 0 0 0 0 0 0 0 0 0 0 0 0 0 0 0 0 0 0 0 0 0 0 0 0 0 0 0 0 0 0 0 0 0 0 0 0 0 0 0 0 0 0 0 0 0 0 0 0 0 0 0 0 0 0 0 0 0 0 0 0 0 0 0 0 0 0 0 0 0 0 0 0 0 0 0 0 0 0 0 0 0 0 0 0 0 0 0 0 0 0 0 0 0 0 0 0 0 0 0 0 0 0 0 0 0 0 0 0 0 0 0 0 0 0 0 0 0 0 0 0 0 0 0 0 0 0 0 0 0 0 0 0 0 0 0 0 0 0 0 0 0 0 0 0 0 0 0 0 0 0 0 0 0 0 0 0 0 0 0 0 0 0 0 0 0 0 0 0 0 0 0 0 0 0 0 0 0 0 0 0 0 0 0 0 0 0 0 0 0 0 0 0 0 0 0 0 0 0 0 0 0 0 0 0 0 0 0 0 0 0 0 0 0 0 0 0 0 0 0 0 0 0 0 0 0 0 0 0 0 0 0 0 0 0 0 0 0 0 0 0 0 0 0 0 0 0 0 0 0 0 0 0 0 0 0 0 0 0 0 0 0 0 0 0 0 0 0 0 0 0 0 0 0 0 0 0 0 0 0 0 0 0 0 0 0 0 0 0 0 0 0 0 0 0 0 0 0 0 0 0 0 0 0 0 0 0 0 0 0 0 0 0 0 0 0 0 0 0 0 0 0 0 0 0 0 0 0 0 0 0 0 0 0 0 0 0 0 0 0 0 0 0 